1600 3120
596 869 5
596 472 2
869 714 5
869 379 5
714 151 3
714 135 3
151 471 1
151 1337 3
471 1449 4
471 545 1
1449 667 5
1449 21 2
667 739 1
667 693 2
739 1308 4
739 172 4
1308 641 4
1308 83 5
641 223 2
641 144 4
223 1550 3
223 678 1
1550 1219 5
1550 1309 2
1219 906 3
1219 1553 2
906 644 1
906 362 3
644 1271 5
644 1507 4
1271 1305 2
1271 564 4
1305 506 1
1305 1363 4
506 1501 1
506 893 2
1501 1198 5
1501 697 5
1198 1313 5
1198 1272 5
1313 1176 1
1313 175 2
1176 892 2
1176 717 2
892 1186 4
892 1320 4
1186 945 1
1186 787 4
945 834 1
945 1161 3
834 1233 2
834 654 3
1233 1146 3
1233 147 4
1146 1596 1
1146 849 3
1596 48 3
1596 141 1
48 899 5
48 998 3
899 1595 2
899 543 5
1595 1327 4
1595 683 1
1327 597 1
1327 1189 4
597 358 4
597 1588 1
358 104 4
358 531 1
104 692 4
104 517 3
692 613 4
692 1599 5
613 511 1
613 1373 3
511 711 1
511 1490 4
711 1519 4
472 379 3
472 1262 4
379 135 2
379 176 1
135 1337 2
135 29 2
1337 545 5
1337 1130 5
545 21 5
545 1165 2
21 693 1
21 49 2
693 172 4
693 1194 5
172 83 3
172 1000 3
83 144 4
83 533 2
144 678 5
144 1433 3
678 1309 3
678 1597 4
1309 1553 5
1309 117 4
1553 362 5
1553 1494 4
362 1507 3
362 1209 5
1507 564 1
1507 339 1
564 1363 4
564 682 4
1363 893 1
1363 46 1
893 697 3
893 130 5
697 1272 5
697 283 5
1272 175 2
1272 547 1
175 717 5
175 210 1
717 1320 3
717 882 2
1320 787 1
1320 468 2
787 1161 3
787 126 4
1161 654 3
1161 1087 4
654 147 1
654 553 2
147 849 3
147 592 2
849 141 5
849 231 5
141 998 5
141 1548 2
998 543 5
998 1450 2
543 683 1
543 836 2
683 1189 3
683 872 3
1189 1588 4
1189 1478 4
1588 531 3
1588 735 2
531 517 5
531 860 5
517 1599 1
517 153 2
1599 1373 2
1599 922 1
1373 1490 5
1373 310 1
1490 1519 2
1490 1455 4
1519 701 5
1262 176 5
1262 660 2
176 29 3
176 353 5
29 1130 3
29 1249 4
1130 1165 4
1130 27 3
1165 49 1
1165 742 2
49 1194 2
49 657 1
1194 1000 5
1194 1123 2
1000 533 2
1000 338 3
533 1433 4
533 87 3
1433 1597 2
1433 1276 3
1597 117 2
1597 1041 4
117 1494 4
117 1380 2
1494 1209 4
1494 264 4
1209 339 3
1209 859 4
339 682 5
339 549 5
682 46 5
682 774 2
46 130 1
46 420 5
130 283 1
130 851 5
283 547 1
283 1423 2
547 210 4
547 1435 3
210 882 1
210 81 2
882 468 2
882 1245 1
468 126 1
468 502 2
126 1087 3
126 464 5
1087 553 4
1087 1127 5
553 592 5
553 706 2
592 231 2
592 2 5
231 1548 4
231 1390 1
1548 1450 3
1548 458 2
1450 836 2
1450 1149 3
836 872 2
836 52 2
872 1478 4
872 68 1
1478 735 5
1478 1349 1
735 860 1
735 236 3
860 153 4
860 1340 1
153 922 3
153 1242 1
922 310 1
922 1243 3
310 1455 3
310 1160 5
1455 701 4
1455 181 5
701 233 2
660 353 5
660 675 5
353 1249 3
353 861 1
1249 27 2
1249 215 1
27 742 1
27 519 4
742 657 3
742 632 4
657 1123 3
657 1446 3
1123 338 1
1123 1600 4
338 87 5
338 1317 2
87 1276 2
87 307 1
1276 1041 4
1276 1371 2
1041 1380 1
1041 1355 3
1380 264 5
1380 1177 2
264 859 2
264 969 2
859 549 4
859 1208 3
549 774 2
549 977 3
774 420 3
774 1257 3
420 851 4
420 610 4
851 1423 3
851 61 4
1423 1435 2
1423 785 5
1435 81 4
1435 925 1
81 1245 1
81 1353 2
1245 502 5
1245 1206 2
502 464 1
502 1375 4
464 1127 3
464 1330 2
1127 706 3
1127 1204 4
706 2 5
706 1116 4
2 1390 5
2 305 3
1390 458 3
1390 395 5
458 1149 2
458 159 1
1149 52 1
1149 1210 3
52 68 4
52 1484 5
68 1349 1
68 299 2
1349 236 5
1349 1379 1
236 1340 3
236 1437 1
1340 1242 5
1340 729 5
1242 1243 4
1242 865 3
1243 1160 1
1243 1303 2
1160 181 3
1160 18 4
181 233 4
181 1351 5
233 640 2
675 861 5
675 188 5
861 215 4
861 958 4
215 519 4
215 186 4
519 632 3
519 913 5
632 1446 2
632 1514 2
1446 1600 1
1446 886 1
1600 1317 4
1600 284 2
1317 307 4
1317 609 3
307 1371 3
307 558 5
1371 1355 5
1371 380 2
1355 1177 3
1355 581 3
1177 969 3
1177 51 1
969 1208 5
969 1339 3
1208 977 3
1208 382 2
977 1257 3
977 137 5
1257 610 3
1257 1179 4
610 61 3
610 994 1
61 785 3
61 901 2
785 925 4
785 1300 5
925 1353 2
925 139 3
1353 1206 4
1353 1105 4
1206 1375 4
1206 718 4
1375 1330 3
1375 873 3
1330 1204 3
1330 786 2
1204 1116 4
1204 145 5
1116 305 5
1116 185 4
305 395 5
305 316 3
395 159 3
395 84 5
159 1210 5
159 700 2
1210 1484 3
1210 684 3
1484 299 4
1484 791 1
299 1379 5
299 1125 4
1379 1437 5
1379 366 4
1437 729 3
1437 1517 5
729 865 4
729 355 2
865 1303 4
865 37 2
1303 18 3
1303 1368 1
18 1351 4
18 586 4
1351 640 4
1351 1030 5
640 703 1
188 958 1
188 494 2
958 186 4
958 199 3
186 913 1
186 1345 5
913 1514 5
913 1486 3
1514 886 4
1514 1518 5
886 284 4
886 437 1
284 609 1
284 1227 3
609 558 5
609 1534 3
558 380 3
558 938 2
380 581 2
380 820 2
581 51 3
581 409 5
51 1339 4
51 915 1
1339 382 2
1339 936 5
382 137 1
382 484 1
137 1179 1
137 364 5
1179 994 3
1179 31 5
994 901 1
994 1452 5
901 1300 3
901 855 2
1300 139 2
1300 1261 1
139 1105 2
139 1291 3
1105 718 5
1105 652 4
718 873 4
718 616 4
873 786 3
873 128 4
786 145 3
786 193 4
145 185 5
145 914 2
185 316 4
185 1585 3
316 84 2
316 22 1
84 700 5
84 824 4
700 684 1
700 912 1
684 791 3
684 854 3
791 1125 1
791 112 2
1125 366 4
1125 473 2
366 1517 4
366 637 2
1517 355 2
1517 13 2
355 37 2
355 344 5
37 1368 5
37 131 2
1368 586 2
1368 1403 1
586 1030 2
586 1584 5
1030 703 2
1030 474 4
703 510 1
494 199 4
494 1126 1
199 1345 4
199 1277 3
1345 1486 1
1345 767 1
1486 1518 2
1486 1586 5
1518 437 4
1518 430 1
437 1227 2
437 773 4
1227 1534 2
1227 238 1
1534 938 1
1534 1562 1
938 820 2
938 579 5
820 409 3
820 24 4
409 915 5
409 70 1
915 936 2
915 784 1
936 484 4
936 794 5
484 364 1
484 1424 4
364 31 3
364 431 3
31 1452 1
31 279 1
1452 855 4
1452 249 1
855 1261 3
855 1544 2
1261 1291 1
1261 1426 5
1291 652 1
1291 1158 1
652 616 5
652 99 4
616 128 4
616 1278 4
128 193 4
128 554 5
193 914 3
193 1284 4
914 1585 3
914 1122 3
1585 22 1
1585 454 2
22 824 5
22 1538 1
824 912 4
824 804 4
912 854 1
912 493 5
854 112 4
854 341 2
112 473 5
112 574 3
473 637 2
473 907 1
637 13 2
637 848 3
13 344 3
13 1333 3
344 131 1
344 44 2
131 1403 5
131 132 1
1403 1584 1
1403 658 4
1584 474 5
1584 1555 3
474 510 1
474 15 5
510 582 5
1126 1277 1
1126 204 4
1277 767 5
1277 984 3
767 1586 4
767 1539 1
1586 430 5
1586 1523 2
430 773 4
430 232 2
773 238 3
773 1132 2
238 1562 3
238 1567 5
1562 579 1
1562 1493 1
579 24 5
579 143 3
24 70 5
24 689 1
70 784 4
70 1108 2
784 794 3
784 368 5
794 1424 5
794 1520 3
1424 431 5
1424 946 5
431 279 1
431 1075 3
279 249 3
279 1060 4
249 1544 5
249 92 1
1544 1426 1
1544 681 1
1426 1158 2
1426 603 3
1158 99 1
1158 187 3
99 1278 2
99 648 1
1278 554 3
1278 798 5
554 1284 2
554 253 5
1284 1122 4
1284 381 4
1122 454 3
1122 1071 4
454 1538 4
454 721 4
1538 804 2
1538 665 4
804 493 5
804 1006 2
493 341 4
493 9 4
341 574 4
341 694 4
574 907 4
574 54 4
907 848 2
907 1594 1
848 1333 3
848 407 5
1333 44 5
1333 1018 3
44 132 5
44 1463 3
132 658 3
132 1582 2
658 1555 1
658 294 2
1555 15 4
1555 1268 2
15 582 4
15 372 1
582 768 1
204 984 3
204 1232 3
984 1539 2
984 416 1
1539 1523 2
1539 394 3
1523 232 4
1523 594 1
232 1132 4
232 1392 3
1132 1567 4
1132 477 5
1567 1493 1
1567 1178 2
1493 143 3
1493 1196 3
143 689 1
143 470 3
689 1108 4
689 723 1
1108 368 1
1108 1474 5
368 1520 5
368 1015 3
1520 946 2
1520 695 4
946 1075 2
946 285 4
1075 1060 4
1075 982 1
1060 92 4
1060 1497 4
92 681 2
92 101 5
681 603 2
681 1106 4
603 187 4
603 158 1
187 648 2
187 972 1
648 798 3
648 797 5
798 253 2
798 928 1
253 381 5
253 149 5
381 1071 4
381 58 2
1071 721 3
1071 1476 4
721 665 3
721 1542 2
665 1006 3
665 67 2
1006 9 2
1006 221 4
9 694 4
9 445 4
694 54 2
694 169 1
54 1594 4
54 778 3
1594 407 2
1594 1335 4
407 1018 2
407 1283 2
1018 1463 2
1018 136 4
1463 1582 2
1463 1266 5
1582 294 2
1582 1084 1
294 1268 4
294 1236 5
1268 372 1
1268 866 1
372 768 3
372 78 2
768 727 5
1232 416 3
1232 1472 3
416 394 1
416 1341 5
394 594 2
394 1475 5
594 1392 4
594 1086 5
1392 477 1
1392 749 4
477 1178 1
477 224 1
1178 1196 1
1178 910 2
1196 470 5
1196 1591 2
470 723 2
470 220 3
723 1474 4
723 198 4
1474 1015 3
1474 1481 3
1015 695 5
1015 217 1
695 285 1
695 432 4
285 982 2
285 1480 1
982 1497 1
982 746 4
1497 101 2
1497 214 3
101 1106 5
101 1557 2
1106 158 3
1106 1170 5
158 972 1
158 656 4
972 797 4
972 1533 2
797 928 1
797 1091 1
928 149 3
928 876 2
149 58 3
149 1102 5
58 1476 2
58 1281 3
1476 1542 2
1476 357 1
1542 67 4
1542 1420 5
67 221 1
67 832 3
221 445 4
221 685 5
445 169 3
445 124 5
169 778 2
169 1415 3
778 1335 4
778 111 2
1335 1283 4
1335 1031 4
1283 136 5
1283 1383 2
136 1266 5
136 293 2
1266 1084 3
1266 1348 1
1084 1236 4
1084 970 4
1236 866 3
1236 951 3
866 78 2
866 975 1
78 727 3
78 1184 2
727 251 4
1472 1341 4
1472 1225 1
1341 1475 5
1341 1346 3
1475 1086 1
1475 1459 1
1086 749 4
1086 1336 4
749 224 3
749 1205 3
224 910 1
224 1436 5
910 1591 3
910 1155 4
1591 220 3
1591 325 4
220 198 4
220 401 1
198 1481 2
198 1076 2
1481 217 3
1481 1508 2
217 432 2
217 234 1
432 1480 4
432 11 4
1480 746 4
1480 239 2
746 214 2
746 490 5
214 1557 1
214 290 1
1557 1170 3
1557 1117 3
1170 656 1
1170 436 3
656 1533 2
656 918 2
1533 1091 3
1533 1293 4
1091 876 4
1091 896 4
876 1102 2
876 548 3
1102 1281 1
1102 449 1
1281 357 5
1281 259 2
357 1420 5
357 521 3
1420 832 1
1420 716 5
832 685 2
832 1012 1
685 124 4
685 180 2
124 1415 1
124 1156 3
1415 111 2
1415 738 2
111 1031 2
111 1499 1
1031 1383 2
1031 196 3
1383 293 1
1383 1515 3
293 1348 4
293 1289 4
1348 970 1
1348 242 4
970 951 4
970 538 5
951 975 3
951 550 1
975 1184 4
975 557 1
1184 251 4
1184 303 3
251 1468 5
1225 1346 3
1225 664 2
1346 1459 5
1346 677 1
1459 1336 4
1459 846 4
1336 1205 3
1336 1495 3
1205 1436 4
1205 1039 1
1436 1155 5
1436 173 2
1155 325 1
1155 1590 5
325 401 5
325 351 2
401 1076 5
401 948 5
1076 1508 3
1076 421 2
1508 234 5
1508 89 1
234 11 1
234 396 5
11 239 5
11 580 5
239 490 3
239 308 4
490 290 4
490 720 2
290 1117 4
290 1506 2
1117 436 5
1117 428 3
436 918 4
436 134 4
918 1293 2
918 620 5
1293 896 3
1293 306 1
896 548 5
896 323 1
548 449 5
548 39 3
449 259 1
449 698 1
259 521 1
259 1524 5
521 716 3
521 56 3
716 1012 5
716 1074 5
1012 180 1
1012 1365 3
180 1156 2
180 1085 4
1156 738 2
1156 26 4
738 1499 3
738 1 2
1499 196 3
1499 965 1
196 1515 1
196 1111 2
1515 1289 1
1515 756 1
1289 242 3
1289 921 2
242 538 4
242 867 4
538 550 4
538 1577 3
550 557 4
550 663 2
557 303 5
557 748 5
303 1468 3
303 796 3
1468 1350 3
664 677 5
664 174 2
677 846 1
677 687 3
846 1495 3
846 3 4
1495 1039 1
1495 475 5
1039 173 3
1039 98 1
173 1590 3
173 1397 2
1590 351 2
1590 940 1
351 948 1
351 422 2
948 421 1
948 602 4
421 89 4
421 1201 3
89 396 2
89 485 3
396 580 5
396 934 2
580 308 2
580 1096 1
308 720 4
308 776 5
720 1506 5
720 1145 2
1506 428 4
1506 1054 4
428 134 5
428 819 2
134 620 1
134 777 4
620 306 3
620 12 5
306 323 5
306 1399 5
323 39 4
323 1487 4
39 698 5
39 1274 1
698 1524 4
698 388 2
1524 56 2
1524 1547 1
56 1074 5
56 69 5
1074 1365 2
1074 237 1
1365 1085 1
1365 699 4
1085 26 3
1085 390 4
26 1 2
26 993 5
1 965 3
1 62 2
965 1111 3
965 129 3
1111 756 1
1111 1374 1
756 921 1
756 30 4
921 867 1
921 1002 4
867 1577 2
867 1535 3
1577 663 3
1577 1541 4
663 748 5
663 515 1
748 796 2
748 1055 1
796 1350 5
796 1078 3
1350 1370 1
174 687 3
174 157 3
687 3 1
687 1141 1
3 475 4
3 805 1
475 98 2
475 1504 2
98 1397 1
98 1263 4
1397 940 4
1397 1080 3
940 422 3
940 1037 4
422 602 5
422 1510 5
602 1201 4
602 1287 4
1201 485 5
1201 702 1
485 934 3
485 712 2
934 1096 4
934 674 5
1096 776 5
1096 177 2
776 1145 5
776 478 4
1145 1054 1
1145 230 2
1054 819 2
1054 1251 5
819 777 1
819 877 2
777 12 5
777 766 4
12 1399 1
12 745 3
1399 1487 5
1399 1561 5
1487 1274 3
1487 1456 3
1274 388 3
1274 462 5
388 1547 1
388 1069 2
1547 69 5
1547 332 2
69 237 4
69 1164 1
237 699 3
237 88 2
699 390 1
699 649 2
390 993 2
390 793 4
993 62 1
993 842 5
62 129 3
62 730 3
129 1374 4
129 282 4
1374 30 1
1374 397 2
30 1002 3
30 133 2
1002 1535 1
1002 389 3
1535 1541 1
1535 369 1
1541 515 1
1541 976 3
515 1055 3
515 1301 4
1055 1078 4
1055 981 4
1078 1370 5
1078 883 3
1370 480 4
157 1141 5
157 584 5
1141 805 3
1141 1285 2
805 1504 5
805 844 2
1504 1263 4
1504 1046 1
1263 1080 1
1263 254 4
1080 1037 2
1080 1238 2
1037 1510 3
1037 152 3
1510 1287 1
1510 1566 1
1287 702 5
1287 1286 5
702 712 1
702 1072 1
712 674 3
712 1192 1
674 177 5
674 875 4
177 478 2
177 514 4
478 230 2
478 1131 2
230 1251 1
230 537 4
1251 877 1
1251 95 2
877 766 5
877 540 3
766 745 1
766 244 5
745 1561 3
745 813 4
1561 1456 2
1561 752 4
1456 462 2
1456 1063 3
462 1069 5
462 512 2
1069 332 2
1069 1053 1
332 1164 4
332 219 5
1164 88 4
1164 679 5
88 649 5
88 1393 4
649 793 5
649 246 5
793 842 3
793 1193 4
842 730 3
842 626 3
730 282 5
730 627 2
282 397 1
282 1498 4
397 133 3
397 551 5
133 389 3
133 423 4
389 369 4
389 79 5
369 976 1
369 260 2
976 1301 4
976 1322 3
1301 981 5
1301 148 1
981 883 4
981 370 5
883 480 2
883 1298 4
480 1389 1
584 1285 3
584 1505 5
1285 844 2
1285 496 3
844 1046 1
844 1323 2
1046 254 4
1046 1004 5
254 1238 1
254 758 1
1238 152 5
1238 1017 1
152 1566 3
152 1540 3
1566 1286 4
1566 1224 5
1286 1072 4
1286 1418 3
1072 1192 3
1072 245 2
1192 875 1
1192 1558 1
875 514 4
875 559 5
514 1131 3
514 1133 3
1131 537 1
1131 1526 1
537 95 3
537 476 4
95 540 1
95 274 1
540 244 5
540 1516 3
244 813 5
244 337 5
813 752 1
813 1304 1
752 1063 1
752 589 4
1063 512 3
1063 1163 2
512 1053 5
512 25 5
1053 219 1
1053 456 3
219 679 4
219 1247 2
679 1393 2
679 1191 5
1393 246 4
1393 568 5
246 1193 1
246 935 5
1193 626 5
1193 1229 5
626 627 3
626 347 4
627 1498 1
627 1142 3
1498 551 2
1498 8 5
551 423 3
551 1005 4
423 79 1
423 809 3
79 260 3
79 127 5
260 1322 1
260 704 1
1322 148 3
1322 539 5
148 370 3
148 968 3
370 1298 3
370 611 2
1298 1389 1
1298 36 1
1389 924 4
1505 496 5
1505 322 1
496 1323 1
496 992 5
1323 1004 3
1323 604 1
1004 758 1
1004 1439 3
758 1017 5
758 313 1
1017 1540 1
1017 1058 4
1540 1224 3
1540 311 1
1224 1418 1
1224 435 5
1418 245 5
1418 329 1
245 1558 3
245 298 4
1558 559 3
1558 983 3
559 1133 2
559 255 4
1133 1526 4
1133 218 4
1526 476 5
1526 552 4
476 274 5
476 1466 2
274 1516 3
274 327 4
1516 337 5
1516 973 4
337 1304 1
337 1404 4
1304 589 3
1304 989 5
589 1163 2
589 672 1
1163 25 3
1163 375 5
25 456 1
25 1442 1
456 1247 2
456 891 3
1247 1191 4
1247 448 2
1191 568 3
1191 102 1
568 935 1
568 1223 4
935 1229 1
935 857 5
1229 347 1
1229 333 2
347 1142 1
347 881 2
1142 8 1
1142 1546 5
8 1005 3
8 481 4
1005 809 3
1005 1181 2
809 127 3
809 971 5
127 704 4
127 608 1
704 539 2
704 615 3
539 968 5
539 762 3
968 611 4
968 1511 1
611 36 5
611 1065 1
36 924 3
36 225 5
924 1489 4
322 992 3
322 1554 1
992 604 3
992 1188 2
604 1439 3
604 28 1
1439 313 4
1439 1256 3
313 1058 4
313 1025 2
1058 311 3
1058 555 4
311 435 1
311 600 2
435 329 3
435 269 5
329 298 2
329 1171 4
298 983 2
298 1532 4
983 255 3
983 900 1
255 218 3
255 404 1
218 552 4
218 268 3
552 1466 3
552 1034 2
1466 327 1
1466 235 1
327 973 5
327 880 5
973 1404 5
973 1581 4
1404 989 3
1404 434 4
989 672 3
989 203 4
672 375 4
672 361 5
375 1442 5
375 1097 3
1442 891 2
1442 864 3
891 448 2
891 1062 2
448 102 4
448 167 2
102 1223 5
102 1431 2
1223 857 3
1223 426 3
857 333 3
857 328 3
333 881 5
333 705 4
881 1546 1
881 1407 5
1546 481 5
1546 724 5
481 1181 5
481 1513 5
1181 971 2
1181 661 3
971 608 5
971 499 3
608 615 2
608 1231 3
615 762 1
615 960 3
762 1511 2
762 628 4
1511 1065 5
1511 97 2
1065 225 2
1065 1570 2
225 1489 5
225 80 2
1489 843 5
1554 1188 5
1554 240 3
1188 28 2
1188 587 1
28 1256 2
28 1079 1
1256 1025 1
1256 286 5
1025 555 4
1025 427 3
555 600 4
555 599 2
600 269 3
600 518 1
269 1171 3
269 1332 3
1171 1532 2
1171 114 4
1532 900 2
1532 1342 5
900 404 5
900 1135 2
404 268 4
404 619 4
268 1034 2
268 1175 2
1034 235 3
1034 828 1
235 880 1
235 583 3
880 1581 5
880 425 2
1581 434 4
1581 194 5
434 203 1
434 65 3
203 361 1
203 71 5
361 1097 1
361 1144 1
1097 864 3
1097 1003 5
864 1062 4
864 261 2
1062 167 2
1062 1240 3
167 1431 3
167 1458 4
1431 426 5
1431 10 4
426 328 3
426 345 4
328 705 5
328 348 3
705 1407 2
705 811 4
1407 724 5
1407 803 2
724 1513 5
724 630 1
1513 661 3
1513 957 1
661 499 5
661 743 5
499 1231 5
499 1172 3
1231 960 2
1231 1180 4
960 628 5
960 530 1
628 97 5
628 1218 3
97 1570 1
97 908 4
1570 80 3
1570 830 4
80 843 5
80 1152 1
843 878 2
240 587 3
240 725 3
587 1079 5
587 16 1
1079 286 3
1079 319 3
286 427 5
286 1070 1
427 599 5
427 7 4
599 518 4
599 1425 2
518 1332 3
518 386 3
1332 114 5
1332 200 5
114 1342 4
114 790 3
1342 1135 3
1342 469 2
1135 619 1
1135 300 4
619 1175 2
619 1022 2
1175 828 2
1175 1230 3
828 583 1
828 937 3
583 425 3
583 419 3
425 194 5
425 1377 4
194 65 4
194 897 2
65 71 5
65 1255 5
71 1144 4
71 1143 4
1144 1003 5
1144 343 1
1003 261 3
1003 1299 5
261 1240 3
261 1482 4
1240 1458 2
1240 270 2
1458 10 1
1458 633 1
10 345 4
10 1521 4
345 348 3
345 277 1
348 811 4
348 1441 2
811 803 1
811 1306 2
803 630 2
803 1203 1
630 957 3
630 391 5
957 743 2
957 263 2
743 1172 1
743 1359 1
1172 1180 4
1172 113 5
1180 530 2
1180 1491 4
530 1218 1
530 1045 1
1218 908 5
1218 763 3
908 830 3
908 32 3
830 1152 4
830 1369 3
1152 878 1
1152 320 3
878 378 1
725 16 4
725 737 2
16 319 2
16 207 5
319 1070 2
319 371 2
1070 7 1
1070 121 4
7 1425 3
7 116 3
1425 386 2
1425 542 3
386 200 4
386 342 3
200 790 3
200 815 5
790 469 2
790 1168 4
469 300 5
469 522 1
300 1022 1
300 986 5
1022 1230 2
1022 442 2
1230 937 2
1230 1430 2
937 419 5
937 959 3
419 1377 1
419 769 2
1377 897 2
1377 1121 3
897 1255 1
897 155 5
1255 1143 2
1255 1153 4
1143 343 1
1143 76 3
343 1299 3
343 1061 3
1299 1482 5
1299 885 3
1482 270 5
1482 1104 2
270 633 1
270 1068 2
633 1521 1
633 503 1
1521 277 5
1521 1089 5
277 1441 2
277 273 5
1441 1306 4
1441 1552 2
1306 1203 4
1306 884 5
1203 391 1
1203 840 3
391 263 4
391 650 5
263 1359 4
263 1032 5
1359 113 5
1359 635 3
113 1491 1
113 744 1
1491 1045 4
1491 1273 4
1045 763 5
1045 1157 5
763 32 4
763 898 5
32 1369 3
32 1190 3
1369 320 2
1369 1396 1
320 378 5
320 335 1
378 1166 2
737 207 2
737 202 1
207 371 3
207 1169 2
371 121 4
371 1264 3
121 116 3
121 108 2
116 542 5
116 1453 5
542 342 3
542 823 5
342 815 3
342 509 1
815 1168 1
815 1386 2
1168 522 4
1168 414 1
522 986 1
522 440 3
986 442 5
986 222 3
442 1430 3
442 170 2
1430 959 3
1430 1569 5
959 769 5
959 1575 4
769 1121 4
769 532 5
1121 155 3
1121 686 3
155 1153 5
155 903 3
1153 76 3
1153 754 3
76 1061 5
76 1064 1
1061 885 4
1061 505 5
885 1104 4
885 120 1
1104 1068 5
1104 73 5
1068 503 5
1068 331 5
503 1089 1
503 941 3
1089 273 2
1089 292 3
273 1552 5
273 1434 1
1552 884 4
1552 197 4
884 840 3
884 850 3
840 650 1
840 1107 3
650 1032 4
650 34 1
1032 635 2
1032 680 2
635 744 2
635 827 1
744 1273 4
744 607 3
1273 1157 3
1273 1444 5
1157 898 4
1157 1593 5
898 1190 5
898 955 5
1190 1396 2
1190 1522 2
1396 335 3
1396 1382 4
335 1166 5
335 631 2
1166 1150 3
202 1169 4
202 1275 5
1169 1264 1
1169 209 3
1264 108 3
1264 513 2
108 1453 2
108 760 3
1453 823 1
1453 669 5
823 509 4
823 541 4
509 1386 2
509 1502 4
1386 414 3
1386 1011 5
414 440 4
414 241 2
440 222 2
440 122 2
222 170 3
222 838 5
170 1569 5
170 1081 2
1569 1575 5
1569 75 5
1575 532 2
1575 593 4
532 686 3
532 1574 5
686 903 5
686 1013 5
903 754 1
903 1140 1
754 1064 2
754 570 4
1064 505 3
1064 275 5
505 120 3
505 354 4
120 73 2
120 19 4
73 331 2
73 614 2
331 941 3
331 403 5
941 292 4
941 72 3
292 1434 1
292 105 4
1434 197 1
1434 590 4
197 850 2
197 1267 1
850 1107 4
850 1545 3
1107 34 2
1107 929 2
34 680 1
34 905 2
680 827 5
680 455 4
827 607 2
827 257 3
607 1444 3
607 205 4
1444 1593 5
1444 1279 2
1593 955 3
1593 647 3
955 1522 4
955 507 2
1522 1382 4
1522 93 5
1382 631 2
1382 573 5
631 1150 5
631 1296 1
1150 772 4
1275 209 4
1275 995 4
209 513 3
209 5 2
513 760 4
513 165 5
760 669 2
760 446 2
669 541 3
669 757 5
541 1502 5
541 741 1
1502 1011 4
1502 383 4
1011 241 5
1011 23 1
241 122 3
241 572 1
122 838 1
122 1378 3
838 1081 3
838 1427 1
1081 75 4
1081 1405 1
75 593 5
75 1001 1
593 1574 4
593 229 5
1574 1013 1
1574 63 3
1013 1140 3
1013 636 2
1140 570 2
1140 947 4
570 275 3
570 954 4
275 354 4
275 256 2
354 19 4
354 195 1
19 614 5
19 917 3
614 403 2
614 1027 5
403 72 4
403 1050 4
72 105 2
72 410 2
105 590 5
105 45 1
590 1267 3
590 164 1
1267 1545 1
1267 943 5
1545 929 2
1545 624 3
929 905 3
929 1098 4
905 455 5
905 154 1
455 257 5
455 732 2
257 205 3
257 418 1
205 1279 1
205 726 1
1279 647 1
1279 783 4
647 507 4
647 1324 1
507 93 1
507 57 4
93 573 5
93 966 2
573 1296 1
573 1496 3
1296 772 4
1296 1406 1
772 755 3
995 5 5
995 818 3
5 165 2
5 942 3
165 446 3
165 858 1
446 757 4
446 1587 5
757 741 3
757 1388 2
741 383 5
741 801 3
383 23 3
383 289 1
23 572 4
23 1352 4
572 1378 4
572 226 2
1378 1427 3
1378 1362 1
1427 1405 4
1427 1036 4
1405 1001 3
1405 1260 1
1001 229 2
1001 933 2
229 63 4
229 91 5
63 636 2
63 1419 5
636 947 5
636 1579 3
947 954 1
947 1429 4
954 256 4
954 1028 5
256 195 5
256 41 3
195 917 4
195 812 2
917 1027 2
917 387 4
1027 1050 1
1027 871 1
1050 410 4
1050 1598 3
410 45 5
410 115 3
45 164 3
45 1417 3
164 943 3
164 527 1
943 624 4
943 1073 5
624 1098 2
624 1044 4
1098 154 3
1098 1110 4
154 732 4
154 919 5
732 418 1
732 487 2
418 726 5
418 997 1
726 783 3
726 591 2
783 1324 5
783 825 2
1324 57 3
1324 1338 4
57 966 5
57 497 2
966 1496 1
966 775 3
1496 1406 4
1496 1294 5
1406 755 5
1406 86 3
755 160 3
818 942 2
818 1465 5
942 858 3
942 930 4
858 1587 4
858 1113 5
1587 1388 3
1587 1549 1
1388 801 2
1388 374 1
801 289 1
801 406 2
289 1352 2
289 990 4
1352 226 4
1352 1033 3
226 1362 3
226 385 2
1362 1036 3
1362 1381 3
1036 1260 4
1036 802 3
1260 933 5
1260 621 4
933 91 4
933 902 3
91 1419 5
91 1318 5
1419 1579 3
1419 795 2
1579 1429 4
1579 1592 3
1429 1028 1
1429 792 5
1028 41 1
1028 606 5
41 812 2
41 1154 2
812 387 4
812 156 4
387 871 3
387 1479 2
871 1598 1
871 991 1
1598 115 1
1598 272 3
115 1417 3
115 1440 5
1417 527 3
1417 1583 1
527 1073 4
527 1408 1
1073 1044 4
1073 304 4
1044 1110 4
1044 926 4
1110 919 3
1110 184 1
919 487 1
919 653 1
487 997 1
487 465 4
997 591 4
997 479 5
591 825 2
591 715 1
825 1338 5
825 578 4
1338 497 1
1338 1199 1
497 775 2
497 125 5
775 1294 3
775 60 3
1294 86 5
1294 1228 1
86 160 3
86 1222 3
160 483 3
1465 930 3
1465 1007 1
930 1113 2
930 709 4
1113 1549 4
1113 577 4
1549 374 2
1549 1216 2
374 406 3
374 904 1
406 990 5
406 1109 2
990 1033 5
990 964 5
1033 385 2
1033 833 1
385 1381 5
385 759 4
1381 802 4
1381 1259 1
802 621 5
802 645 3
621 902 1
621 1464 4
902 1318 1
902 651 4
1318 795 5
1318 1445 3
795 1592 2
795 47 1
1592 792 1
1592 1083 5
792 606 2
792 566 3
606 1154 3
606 1051 5
1154 156 2
1154 1402 1
156 1479 4
156 944 5
1479 991 2
1479 671 2
991 272 5
991 400 2
272 1440 1
272 713 4
1440 1583 1
1440 1226 1
1583 1408 1
1583 888 1
1408 304 3
1408 1360 3
304 926 2
304 814 2
926 184 1
926 413 3
184 653 2
184 1250 3
653 465 2
653 189 1
465 479 3
465 138 3
479 715 1
479 617 5
715 578 5
715 1016 1
578 1199 5
578 1244 4
1199 125 5
1199 227 5
125 60 4
125 1571 1
60 1228 1
60 266 3
1228 1222 4
1228 1358 1
1222 483 1
1222 528 1
483 352 2
1007 709 5
1007 1413 5
709 577 5
709 953 4
577 1216 4
577 1376 4
1216 904 5
1216 571 4
904 1109 3
904 625 3
1109 964 3
1109 212 3
964 833 3
964 1471 4
833 759 5
833 4 1
759 1259 1
759 1314 4
1259 645 1
1259 1331 1
645 1464 2
645 1120 1
1464 651 3
1464 932 1
651 1445 2
651 1207 4
1445 47 1
1445 740 5
47 1083 1
47 826 3
1083 566 2
1083 346 2
566 1051 4
566 646 2
1051 1402 5
1051 788 4
1402 944 5
1402 146 3
944 671 1
944 1021 5
671 400 4
671 1151 1
400 713 4
400 1295 2
713 1226 1
713 489 1
1226 888 5
1226 563 2
888 1360 1
888 1115 5
1360 814 5
1360 1197 3
814 413 4
814 585 4
413 1250 3
413 109 1
1250 189 3
1250 405 4
189 138 3
189 1093 2
138 617 3
138 1387 2
617 1016 4
617 985 5
1016 1244 1
1016 967 4
1244 227 1
1244 1167 4
227 1571 3
227 691 2
1571 266 1
1571 1443 5
266 1358 1
266 1492 2
1358 528 4
1358 1448 5
528 352 2
528 1485 4
352 546 3
1413 953 4
1413 1536 1
953 1376 5
953 161 4
1376 571 4
1376 612 4
571 625 3
571 1310 3
625 212 5
625 1483 5
212 1471 3
212 808 5
1471 4 2
1471 59 3
4 1314 2
4 463 5
1314 1331 4
1314 923 1
1331 1120 2
1331 262 3
1120 932 5
1120 399 2
932 1207 5
932 1385 4
1207 740 5
1207 191 1
740 826 4
740 765 1
826 346 1
826 562 3
346 646 4
346 576 1
646 788 1
646 460 4
788 146 4
788 1020 4
146 1021 5
146 163 4
1021 1151 2
1021 1214 4
1151 1295 1
1151 638 1
1295 489 3
1295 1217 2
489 563 1
489 504 2
563 1115 2
563 1024 5
1115 1197 3
1115 281 4
1197 585 1
1197 1432 1
585 109 5
585 1067 2
109 405 4
109 100 1
405 1093 5
405 1576 2
1093 1387 1
1093 1269 1
1387 985 5
1387 870 2
985 967 3
985 856 1
967 1167 3
967 179 5
1167 691 5
1167 1312 3
691 1443 3
691 367 4
1443 1492 5
1443 708 5
1492 1448 2
1492 85 3
1448 1485 2
1448 1319 1
1485 546 1
1485 1568 2
546 560 3
1536 161 5
1536 1589 2
161 612 3
161 890 2
612 1310 4
612 360 2
1310 1483 2
1310 1114 2
1483 808 2
1483 523 1
808 59 4
808 771 4
59 463 1
59 439 3
463 923 4
463 1185 4
923 262 5
923 1099 3
262 399 1
262 1416 3
399 1385 4
399 201 1
1385 191 5
1385 258 2
191 765 1
191 1066 5
765 562 1
765 806 5
562 576 4
562 296 3
576 460 5
576 747 3
460 1020 1
460 424 1
1020 163 1
1020 119 2
163 1214 1
163 1556 5
1214 638 5
1214 216 3
638 1217 4
638 1412 1
1217 504 5
1217 55 4
504 1024 2
504 1460 1
1024 281 1
1024 1473 2
281 1432 4
281 447 4
1432 1067 1
1432 782 5
1067 100 4
1067 1254 5
100 1576 5
100 376 4
1576 1269 4
1576 1124 4
1269 870 2
1269 140 2
870 856 4
870 639 3
856 179 5
856 398 1
179 1312 2
179 963 2
1312 367 3
1312 321 5
367 708 4
367 247 3
708 85 4
708 1048 2
85 1319 5
85 192 1
1319 1568 4
1319 265 4
1568 560 2
1568 1451 2
560 466 4
1589 890 5
1589 1512 1
890 360 1
890 696 2
360 1114 2
360 326 1
1114 523 1
1114 482 2
523 771 5
523 1503 2
771 439 4
771 931 2
439 1185 3
439 961 5
1185 1099 5
1185 243 5
1099 1416 4
1099 807 4
1416 201 5
1416 598 3
201 258 4
201 781 1
258 1066 5
258 988 5
1066 806 4
1066 516 4
806 296 2
806 595 4
296 747 1
296 1270 3
747 424 1
747 1128 4
424 119 4
424 415 3
119 1556 5
119 1129 4
1556 216 1
1556 1470 3
216 1412 1
216 916 2
1412 55 3
1412 486 2
55 1460 2
55 1467 4
1460 1473 2
1460 444 1
1473 447 3
1473 211 4
447 782 1
447 1056 5
782 1254 1
782 939 5
1254 376 2
1254 1307 3
376 1124 4
376 384 4
1124 140 5
1124 1461 5
140 639 4
140 1042 4
639 398 4
639 956 2
398 963 2
398 1049 4
963 321 1
963 356 1
321 247 3
321 1311 5
247 1048 1
247 1398 1
1048 192 2
1048 837 4
192 265 1
192 927 5
265 1451 2
265 569 5
1451 466 2
1451 461 5
466 710 4
1512 696 5
1512 20 1
696 326 5
696 1187 4
326 482 1
326 17 1
482 1503 4
482 1090 4
1503 931 3
1503 309 1
931 961 2
931 74 2
961 243 2
961 1100 5
243 807 3
243 53 3
807 598 5
807 1010 3
598 781 3
598 1334 1
781 988 4
781 734 2
988 516 3
988 887 1
516 595 4
516 1356 5
595 1270 2
595 816 5
1270 1128 2
1270 575 4
1128 415 5
1128 457 1
415 1129 4
415 1329 4
1129 1470 1
1129 467 5
1470 916 4
1470 659 2
916 486 2
916 1344 5
486 1467 1
486 1174 1
1467 444 1
1467 1052 4
444 211 3
444 250 1
211 1056 2
211 831 1
1056 939 1
1056 779 5
939 1307 1
939 1290 5
1307 384 2
1307 228 3
384 1461 2
384 248 2
1461 1042 3
1461 1361 3
1042 956 1
1042 1462 3
956 1049 2
956 1253 1
1049 356 5
1049 1326 4
356 1311 1
356 171 1
1311 1398 3
1311 295 3
1398 837 3
1398 1047 1
837 927 2
837 1235 5
927 569 4
927 751 4
569 461 4
569 90 1
461 710 3
461 662 3
710 1173 4
20 1187 3
20 1221 5
1187 17 3
1187 1529 1
17 1090 1
17 1159 5
1090 309 5
1090 525 1
309 74 4
309 110 1
74 1100 4
74 1092 3
1100 53 1
1100 495 1
53 1010 2
53 853 1
1010 1334 3
1010 498 1
1334 734 4
1334 1202 4
734 887 2
734 835 1
887 1356 3
887 799 4
1356 816 2
1356 520 4
816 575 4
816 601 1
575 457 3
575 1564 1
457 1329 1
457 605 4
1329 467 5
1329 817 3
467 659 1
467 359 4
659 1344 5
659 1438 5
1344 1174 3
1344 1258 1
1174 1052 2
1174 1134 2
1052 250 4
1052 1321 2
250 831 2
250 868 1
831 779 4
831 1316 4
779 1290 5
779 182 2
1290 228 1
1290 588 4
228 248 3
228 123 2
248 1361 4
248 949 1
1361 1462 5
1361 392 4
1462 1253 2
1462 166 3
1253 1326 4
1253 450 4
1326 171 3
1326 839 5
171 295 4
171 1234 3
295 1047 1
295 402 1
1047 1235 2
1047 150 2
1235 751 4
1235 895 4
751 90 4
751 1565 1
90 662 3
90 1095 1
662 1173 5
662 1280 1
1173 38 4
1221 1529 2
1221 429 5
1529 1159 1
1529 1019 4
1159 525 4
1159 567 4
525 110 4
525 770 3
110 1092 3
110 1343 4
1092 495 3
1092 950 3
495 853 4
495 14 1
853 498 4
853 1347 3
498 1202 1
498 728 1
1202 835 1
1202 1183 3
835 799 4
835 800 2
799 520 5
799 96 5
520 601 2
520 847 3
601 1564 4
601 349 1
1564 605 1
1564 488 1
605 817 4
605 1200 4
817 359 2
817 1366 5
359 1438 5
359 1118 2
1438 1258 3
1438 1211 5
1258 1134 1
1258 501 3
1134 1321 3
1134 1009 3
1321 868 4
1321 1288 4
868 1316 5
868 412 5
1316 182 2
1316 1282 3
182 588 2
182 1057 2
588 123 4
588 317 5
123 949 5
123 252 3
949 392 4
949 1008 2
392 166 2
392 1237 3
166 450 4
166 1401 3
450 839 2
450 1103 4
839 1234 4
839 1265 2
1234 402 2
1234 845 5
402 150 3
402 761 1
150 895 2
150 377 5
895 1565 4
895 1239 5
1565 1095 2
1565 1088 4
1095 1280 1
1095 271 1
1280 38 1
1280 1038 1
38 987 1
429 1019 5
429 789 3
1019 567 2
1019 162 5
567 770 2
567 393 2
770 1343 2
770 1241 1
1343 950 5
1343 208 1
950 14 3
950 1137 2
14 1347 4
14 508 4
1347 728 5
1347 1043 2
728 1183 5
728 666 4
1183 800 5
1183 524 2
800 96 2
800 1182 4
96 847 2
96 894 3
847 349 5
847 206 4
349 488 2
349 336 5
488 1200 2
488 459 1
1200 1366 4
1200 1248 3
1366 1118 2
1366 77 2
1118 1211 5
1118 363 3
1211 501 5
1211 1302 3
501 1009 2
501 1531 3
1009 1288 4
1009 408 5
1288 412 1
1288 1537 2
412 1282 4
412 1447 5
1282 1057 5
1282 978 1
1057 317 3
1057 1029 1
317 252 2
317 1119 1
252 1008 2
252 561 5
1008 1237 2
1008 500 4
1237 1401 3
1237 324 4
1401 1103 2
1401 94 3
1103 1265 1
1103 863 3
1265 845 2
1265 1469 1
845 761 1
845 1023 1
761 377 3
761 1364 4
377 1239 2
377 841 2
1239 1088 2
1239 764 2
1088 271 5
1088 1414 4
271 1038 4
271 1422 3
1038 987 4
1038 565 4
987 33 2
789 162 5
789 1411 1
162 393 4
162 365 3
393 1241 5
393 668 4
1241 208 3
1241 441 4
208 1137 3
208 634 3
1137 508 2
1137 1252 5
508 1043 3
508 1394 2
1043 666 1
1043 643 3
666 524 1
666 417 2
524 1182 5
524 453 2
1182 894 5
1182 82 5
894 206 3
894 1454 4
206 336 3
206 821 3
336 459 5
336 1560 4
459 1248 3
459 1395 2
1248 77 2
1248 312 3
77 363 2
77 874 2
363 1302 1
363 451 5
1302 1531 3
1302 1077 1
1531 408 2
1531 1367 3
408 1537 5
408 1292 5
1537 1447 5
1537 722 1
1447 978 3
1447 107 5
978 1029 3
978 1147 4
1029 1119 5
1029 889 2
1119 561 1
1119 1421 2
561 500 2
561 534 2
500 324 2
500 731 1
324 94 1
324 1409 5
94 863 1
94 106 1
863 1469 4
863 267 1
1469 1023 3
1469 1372 4
1023 1364 4
1023 1215 1
1364 841 2
1364 1488 3
841 764 1
841 979 5
764 1414 2
764 1477 1
1414 1422 3
1414 40 4
1422 565 4
1422 340 2
565 33 1
565 962 3
33 1213 5
1411 365 3
1411 1428 5
365 668 4
365 526 2
668 441 4
668 190 5
441 634 3
441 1112 1
634 1252 4
634 733 5
1252 1394 3
1252 6 5
1394 643 5
1394 1457 2
643 417 5
643 443 1
417 453 5
417 1354 3
453 82 5
453 862 5
82 1454 3
82 1410 5
1454 821 1
1454 1357 3
821 1560 3
821 1384 5
1560 1395 1
1560 1325 3
1395 312 1
1395 1400 1
312 874 4
312 879 2
874 451 3
874 1139 2
451 1077 4
451 1195 4
1077 1367 3
1077 852 4
1367 1292 5
1367 1148 5
1292 722 1
1292 302 4
722 107 2
722 1530 3
107 1147 2
107 719 3
1147 889 1
1147 1246 2
889 1421 3
889 999 5
1421 534 2
1421 655 4
534 731 3
534 1136 2
731 1409 3
731 1500 1
1409 106 1
1409 1509 4
106 267 2
106 330 5
267 1372 4
267 280 2
1372 1215 3
1372 278 4
1215 1488 5
1215 920 5
1488 979 2
1488 350 1
979 1477 1
979 1563 5
1477 40 2
1477 1212 5
40 340 3
40 66 5
340 962 3
340 1580 4
962 1213 2
962 1094 2
1213 411 1
1428 526 5
1428 690 5
526 190 4
526 178 4
190 1112 2
190 535 4
1112 733 2
1112 118 5
733 6 2
733 373 5
6 1457 4
6 1035 3
1457 443 3
1457 629 4
443 1354 3
443 822 3
1354 862 3
1354 670 2
862 1410 2
862 64 2
1410 1357 5
1410 736 2
1357 1384 3
1357 952 4
1384 1325 1
1384 1525 1
1325 1400 1
1325 1026 5
1400 879 5
1400 43 2
879 1139 1
879 168 4
1139 1195 1
1139 810 4
1195 852 5
1195 1101 1
852 1148 3
852 314 5
1148 302 1
1148 297 3
302 1530 4
302 1527 5
1530 719 2
1530 491 3
719 1246 1
719 544 3
1246 999 5
1246 642 4
999 655 5
999 291 5
655 1136 5
655 618 3
1136 1500 5
1136 1315 1
1500 1509 3
1500 780 2
1509 330 1
1509 911 5
330 280 1
330 213 5
280 278 4
280 980 1
278 920 4
278 556 5
920 350 4
920 1059 1
350 1563 2
350 673 2
1563 1212 5
1563 318 5
1212 66 4
1212 1082 5
66 1580 3
66 536 4
1580 1094 5
1580 1297 5
1094 411 5
1094 1040 3
411 433 3
690 178 5
690 1528 4
178 535 5
178 829 4
535 118 1
535 622 3
118 373 3
118 1162 5
373 1035 1
373 288 1
1035 629 4
1035 452 3
629 822 2
629 1014 1
822 670 1
822 529 5
670 64 3
670 301 3
64 736 2
64 753 4
736 952 2
736 623 1
952 1525 1
952 996 2
1525 1026 3
1525 1220 5
1026 43 2
1026 35 3
43 168 4
43 287 1
168 810 2
168 315 5
810 1101 4
810 1572 1
1101 314 4
1101 334 1
314 297 5
314 183 3
297 1527 3
297 50 5
1527 491 1
1527 1543 3
491 544 2
491 103 1
544 642 1
544 688 1
642 291 2
642 42 4
291 618 2
291 1578 1
618 1315 5
618 1391 5
1315 780 2
1315 1559 2
780 911 5
780 276 1
911 213 2
911 676 1
213 980 5
213 1328 3
980 556 3
980 1138 2
556 1059 1
556 750 3
1059 673 5
1059 909 5
673 318 3
673 438 2
318 1082 3
318 492 3
1082 536 2
1082 1551 2
536 1297 1
536 142 2
1297 1040 1
1297 707 2
1040 433 2
1040 1573 3
433 974 1
1528 829 2
829 622 4
622 1162 5
1162 288 2
288 452 5
452 1014 1
1014 529 5
529 301 3
301 753 4
753 623 2
623 996 4
996 1220 4
1220 35 5
35 287 3
287 315 4
315 1572 1
1572 334 4
334 183 2
183 50 2
50 1543 2
1543 103 5
103 688 4
688 42 5
42 1578 2
1578 1391 4
1391 1559 4
1559 276 3
276 676 1
676 1328 4
1328 1138 1
1138 750 2
750 909 1
909 438 5
438 492 1
492 1551 1
1551 142 2
142 707 3
707 1573 4
1573 974 5
