8
50 5
0 1 1 0 0 0 1 0 0 1 1 1 0 1 1 1 0 1 1 0 1 1 1 0 1 1 1 0 1 1 1 1 0 0 0 0 0 1 1 0 0 1 0 0 0 1 0 1 0 1
27 30 1 17 9 11 4 37 26 34 24 18 21 20 36 8 19 5 38 41 23 14 46 44 31 39 47 48 3 28 13 32 40 0 42 12 45 16 15 29 43 49 10 25 2 7 6 22 33 35
50 5
1 0 0 1 1 1 0 1 0 1 0 1 1 1 0 0 0 0 0 1 0 0 0 1 1 0 0 1 0 1 0 1 1 0 0 1 1 1 0 1 1 1 0 1 1 0 1 0 1 0
27 39 20 10 47 38 25 34 15 37 5 11 4 42 7 48 45 46 28 3 30 33 21 1 43 31 13 44 29 26 40 17 41 0 12 18 35 23 32 22 2 19 36 24 9 6 49 8 16 14
50 5
1 1 0 1 0 0 0 1 1 0 1 1 1 0 0 0 0 1 1 0 0 1 0 0 0 1 1 0 1 1 0 1 0 0 1 1 0 1 1 1 1 0 1 1 1 0 0 1 1 1
17 28 16 15 48 0 30 14 4 25 40 13 10 18 21 12 5 9 11 34 36 42 32 44 26 45 2 7 35 39 49 20 27 38 8 33 37 41 43 1 24 22 6 46 31 29 19 3 47 23
50 5
1 0 0 0 0 1 1 0 0 0 1 1 0 1 0 0 0 0 1 0 1 1 1 0 1 1 1 0 0 0 1 0 0 0 0 1 1 0 1 1 1 0 0 0 1 0 1 0 1 1
19 29 1 25 17 7 23 9 12 40 13 39 21 14 3 31 49 44 41 46 22 32 30 20 24 15 33 42 16 0 48 8 4 10 28 45 35 38 2 18 6 26 37 5 47 27 36 34 43 11
50 5
0 1 0 1 0 1 0 0 1 0 1 1 1 0 0 1 0 0 0 0 0 0 0 1 0 0 1 0 1 1 1 1 1 0 1 0 1 1 0 1 1 0 1 1 0 1 1 1 1 1
13 34 43 27 30 35 1 11 15 4 31 26 39 32 33 29 42 21 45 49 44 37 14 20 41 9 5 2 40 12 25 3 6 18 17 48 16 23 38 0 19 8 28 36 24 7 22 10 47 46
50 5
0 1 1 1 0 1 0 1 0 1 0 1 1 0 0 1 1 1 1 1 1 0 0 0 1 1 0 0 0 0 1 1 0 1 0 1 1 0 1 1 1 0 1 0 0 0 1 1 0 1
33 7 44 40 20 4 37 34 5 38 19 10 6 28 24 30 14 23 16 26 47 43 8 48 45 36 13 27 21 18 12 25 32 3 35 1 39 31 9 2 29 11 15 22 42 49 41 46 0 17
50 5
0 0 0 1 1 1 1 0 1 1 0 0 0 1 1 0 0 1 1 0 0 0 0 0 0 0 1 1 0 1 1 1 0 1 0 0 1 1 1 1 0 1 0 0 0 0 1 0 0 0
32 8 5 14 13 38 4 36 25 9 3 10 16 2 30 28 44 47 12 31 1 17 48 27 34 37 11 20 33 0 46 42 35 6 23 49 22 26 45 39 15 40 7 41 18 24 19 43 21 29
50 5
1 0 1 1 1 0 1 1 1 0 0 1 1 0 1 1 0 1 0 1 0 1 1 1 0 1 0 0 1 0 0 0 0 0 1 0 0 0 1 0 0 1 0 0 1 1 1 0 1 1
5 22 19 49 14 7 0 39 40 31 46 23 24 38 9 43 37 21 16 2 44 25 45 18 35 32 8 20 13 12 34 6 17 33 30 29 1 28 26 11 41 42 47 48 15 36 4 10 3 27
