16
100 5
1 1 0 1 1 1 1 0 0 0 0 0 1 1 0 0 1 0 0 0 1 0 1 0 1 0 1 1 1 0 0 1 0 1 1 0 0 1 1 1 1 0 0 0 0 1 0 1 0 0 1 0 0 1 1 1 0 1 0 1 0 1 1 1 0 0 0 0 0 1 0 0 0 1 1 0 0 1 0 1 0 1 1 0 0 1 1 1 0 1 1 1 0 1 1 0 1 0 1 0
27 64 57 53 56 60 89 37 26 34 74 96 21 20 36 8 19 5 38 61 65 81 46 44 66 83 47 48 3 28 13 69 40 91 99 12 45 16 15 82 62 88 10 25 2 67 97 95 33 52 23 30 35 63 59 93 72 68 79 87 11 58 43 17 94 50 76 84 78 86 54 98 92 7 24 29 31 77 71 85 41 14 75 39 70 80 32 73 49 4 22 0 9 55 51 90 18 6 1 42
100 5
1 1 0 1 1 0 1 0 0 1 1 0 1 1 1 1 0 1 1 1 0 0 1 1 1 0 0 1 1 0 0 1 1 0 1 0 1 1 1 1 1 1 1 1 1 0 1 0 0 1 1 0 0 0 0 1 1 0 0 0 1 1 0 1 0 0 0 0 1 0 1 1 1 0 1 1 1 0 0 0 1 0 0 0 0 1 1 0 1 1 1 0 0 0 1 0 1 0 1 1
96 88 16 15 54 0 69 75 93 68 40 13 95 18 98 90 58 9 11 60 78 73 77 59 26 65 61 7 53 67 52 55 27 82 8 94 37 63 43 1 24 22 6 64 97 70 50 3 86 99 51 19 72 35 48 20 66 49 5 44 34 2 17 74 46 45 57 39 81 30 29 89 56 85 41 14 32 92 36 42 21 71 38 28 23 79 47 4 83 25 12 62 76 87 33 10 91 31 80 84
100 5
0 1 0 1 1 1 1 1 0 1 0 1 1 0 1 1 0 1 1 0 1 1 1 1 1 1 1 1 0 1 0 0 0 0 0 0 1 1 1 0 0 1 0 1 0 0 0 0 0 0 0 1 1 1 0 1 0 1 0 1 0 1 1 0 0 1 1 1 1 1 1 0 0 0 1 1 0 0 0 0 1 1 0 1 0 1 1 0 1 1 1 0 1 0 0 0 1 1 0 1
64 92 71 27 84 55 1 11 15 4 31 26 61 76 62 29 94 88 75 49 54 73 14 95 68 9 78 2 40 86 91 3 6 18 63 57 16 23 38 0 82 8 80 87 24 98 22 10 47 53 65 66 60 85 44 56 74 48 69 13 7 39 33 17 58 79 25 93 41 59 42 89 46 37 35 45 96 67 5 43 28 77 19 72 30 83 12 36 99 50 81 51 34 70 90 20 97 32 52 21
100 5
0 1 1 0 1 1 1 0 1 0 0 1 1 1 1 0 1 0 0 0 0 1 0 0 0 1 1 0 1 1 1 1 0 1 1 0 0 1 0 1 1 1 1 1 0 0 1 0 0 1 1 0 1 1 1 0 1 1 1 0 0 1 1 0 1 1 0 1 0 1 0 1 1 1 0 1 0 0 1 0 0 0 0 0 1 0 0 0 1 0 0 1 0 0 1 1 1 0 1 1
32 8 5 14 63 85 81 64 75 72 87 10 98 92 67 94 88 47 90 70 1 17 48 27 34 57 11 20 89 0 46 42 80 97 23 99 22 83 82 39 15 40 65 61 93 66 19 96 84 51 3 29 79 45 50 78 6 37 43 91 30 41 58 13 95 7 24 55 49 21 31 62 9 86 2 25 52 28 76 60 35 4 59 26 69 38 71 54 44 33 12 53 74 18 77 36 73 56 16 68
100 5
0 1 1 0 1 1 0 0 0 1 0 1 1 0 0 1 1 0 1 1 1 1 0 0 0 0 1 0 0 1 0 0 0 1 0 1 0 1 1 0 0 0 1 1 0 0 1 0 1 0 1 0 0 1 0 1 1 0 1 0 1 1 0 1 0 0 0 0 1 0 0 0 1 1 1 0 0 1 1 0 0 1 1 1 0 0 1 0 1 0 1 1 0 1 1 0 1 1 0 1
36 28 8 48 93 5 44 78 26 9 7 84 50 42 63 85 37 57 11 21 38 83 65 47 41 96 67 64 92 30 17 40 75 95 13 31 34 54 68 99 53 97 3 90 49 98 94 58 59 16 79 86 43 51 29 76 14 35 70 61 73 24 72 60 71 18 2 25 56 39 32 62 22 81 45 69 77 19 23 66 27 55 80 89 10 6 1 20 52 82 87 0 74 88 4 91 15 46 12 33
100 5
0 1 1 1 0 1 1 0 1 0 0 0 0 0 0 0 1 1 0 1 0 1 0 1 0 1 0 0 0 1 0 1 0 0 0 0 0 1 1 0 1 0 1 0 0 0 0 1 1 1 0 1 1 0 0 0 1 1 0 0 0 1 1 0 0 1 1 1 1 1 0 0 1 0 0 1 1 1 0 0 0 1 1 0 1 0 0 1 0 0 0 1 1 0 1 0 1 1 1 1
63 92 76 60 50 39 38 48 31 82 16 41 22 37 0 8 6 96 32 30 79 17 56 10 78 24 19 64 3 66 84 88 45 52 54 90 44 65 86 12 49 57 51 20 77 29 4 71 93 13 95 70 33 27 87 81 58 25 5 91 46 72 21 59 28 40 67 89 53 99 61 55 73 42 47 2 26 80 9 83 34 74 1 98 36 68 11 23 15 43 14 69 7 35 97 94 85 75 18 62
100 5
1 0 1 0 1 0 1 1 0 1 0 1 0 1 0 0 0 1 0 0 1 0 0 1 1 0 1 0 1 1 0 0 1 0 1 0 0 1 1 1 0 0 0 1 0 0 0 1 1 1 0 0 0 1 1 0 1 1 0 0 1 1 1 0 0 1 0 0 0 1 0 1 0 1 1 0 1 1 1 1 1 1 0 1 0 1 1 1 1 0 1 0 0 1 0 1 1 0 0 0
69 28 45 34 20 42 25 83 22 8 85 40 6 65 5 13 50 86 76 97 29 68 55 77 39 11 79 3 51 75 12 62 57 0 98 95 10 54 89 52 80 14 23 7 24 17 87 63 19 94 18 47 99 15 53 1 88 67 78 31 26 93 70 30 61 71 21 36 16 2 43 56 4 66 9 64 48 37 44 74 92 59 58 41 91 60 49 82 81 32 46 96 84 72 90 35 27 73 33 38
100 5
1 1 0 1 0 1 1 0 1 1 0 0 0 1 0 1 1 1 1 1 1 0 0 0 1 1 1 1 1 0 1 1 1 0 1 1 1 0 1 0 1 0 0 0 0 0 0 0 1 1 0 1 0 1 1 1 0 0 1 1 0 0 1 0 0 1 0 0 1 1 0 1 0 0 0 1 0 0 1 0 1 0 1 0 1 1 1 1 0 0 1 0 0 1 0 1 0 0 1 1
60 80 98 49 65 2 16 36 31 32 77 21 43 46 62 8 17 85 28 63 3 79 58 19 26 51 38 50 37 87 81 91 96 53 48 52 33 89 97 54 75 68 72 0 45 7 55 92 14 10 9 44 22 34 56 82 59 42 4 95 30 94 90 13 40 57 20 35 24 70 47 29 88 64 76 1 25 61 73 11 71 66 27 67 23 5 15 69 99 39 74 41 12 86 6 84 83 93 18 78
100 5
1 1 1 0 1 0 0 0 0 1 0 0 0 0 0 0 1 1 1 0 1 0 0 0 0 1 1 1 1 1 1 0 1 1 1 1 0 1 0 0 0 1 1 0 1 1 1 0 0 0 0 1 1 0 0 0 0 1 1 1 0 0 0 0 0 0 0 1 1 1 0 0 1 0 0 0 0 0 0 0 0 0 1 0 0 1 1 0 1 0 0 0 0 0 1 1 0 1 1 1
21 9 74 67 2 56 63 52 45 22 20 13 51 36 91 44 83 26 40 54 60 12 4 37 1 94 19 85 80 25 57 3 95 69 10 18 38 82 64 0 17 81 71 16 34 68 43 48 15 30 87 7 24 5 31 98 88 93 61 39 46 90 79 28 58 55 49 89 97 33 23 11 70 77 27 92 76 78 73 75 72 86 8 32 99 65 62 41 35 53 84 47 29 50 96 6 42 59 66 14
100 5
0 1 0 0 0 1 0 0 0 0 0 0 0 0 0 1 0 0 1 0 0 0 1 1 1 1 0 1 0 0 0 1 0 0 1 0 0 0 1 0 1 0 1 0 0 0 1 0 0 1 1 1 1 0 1 1 1 1 0 0 1 1 0 0 0 1 0 0 0 0 1 1 0 0 1 1 0 0 0 0 0 1 1 1 0 1 0 1 1 0 0 1 1 1 1 1 1 0 1 1
66 88 37 42 36 67 22 27 24 63 5 33 14 47 59 17 84 93 91 26 95 4 16 21 40 3 51 15 83 80 86 48 20 99 31 35 68 73 9 71 76 8 10 18 2 53 81 34 92 11 52 57 60 43 46 61 62 55 32 65 12 29 78 89 50 19 75 56 41 0 28 98 79 97 25 70 58 90 49 87 72 96 82 77 13 30 6 45 64 69 39 1 54 85 7 38 44 94 74 23
100 5
0 0 0 0 0 0 1 1 1 0 0 1 0 0 1 0 1 1 0 1 0 1 0 0 0 0 0 0 0 1 1 0 0 0 1 1 0 1 1 1 1 0 0 1 0 1 0 0 0 0 0 0 1 1 0 1 0 1 1 1 1 1 1 0 0 1 1 1 1 0 0 1 1 0 0 0 1 0 0 0 0 0 0 1 0 0 1 1 1 1 0 0 0 0 0 0 0 0 0 0
28 29 51 9 74 33 67 25 41 24 13 57 79 18 27 92 10 52 23 88 84 48 38 89 21 68 4 66 22 45 6 91 8 3 50 40 26 31 15 73 61 93 99 53 5 63 86 12 17 97 56 30 46 37 80 7 62 60 43 81 76 32 34 70 64 54 75 47 55 69 94 98 58 49 16 42 77 87 0 11 78 19 14 1 44 72 39 36 95 96 85 65 83 71 90 82 20 2 35 59
100 5
1 1 1 1 0 0 1 1 1 0 1 1 0 1 0 1 0 0 0 1 1 0 1 1 0 1 0 0 1 0 1 1 0 0 0 0 1 1 0 1 1 0 0 1 1 1 0 1 0 0 0 1 0 0 0 0 1 1 1 0 1 0 0 1 1 0 1 0 1 1 0 1 1 1 1 1 0 1 1 0 0 0 0 0 0 0 1 0 1 0 0 0 1 1 1 1 0 0 0 1
39 97 87 46 6 15 18 68 4 8 19 64 20 3 35 65 22 67 13 51 49 32 14 25 16 60 50 69 85 55 36 61 28 77 92 98 99 33 90 5 74 89 24 57 11 10 78 70 42 73 96 40 31 2 59 66 34 17 38 72 27 21 84 43 9 52 94 26 45 93 23 80 44 63 95 7 47 71 29 54 75 37 56 12 53 62 30 48 76 79 81 0 83 41 1 82 86 58 91 88
100 5
1 1 1 0 0 1 1 1 0 0 1 1 0 0 0 1 0 1 0 1 1 0 0 1 0 1 0 0 1 1 0 1 0 0 0 0 1 1 0 1 0 1 1 0 0 0 1 1 1 1 0 0 1 1 0 1 0 1 0 0 0 0 0 1 1 1 1 1 1 0 0 0 1 1 0 0 0 1 0 0 0 1 0 0 1 0 0 0 1 1 1 0 0 1 1 0 1 0 1 1
25 23 59 75 90 52 53 43 27 94 37 87 57 35 89 13 39 77 47 81 66 73 7 68 76 45 33 63 9 16 29 11 42 12 61 67 62 41 83 17 5 15 1 88 10 34 82 6 48 86 36 46 79 96 0 72 44 3 4 49 98 60 40 14 51 26 30 31 64 58 70 55 19 54 78 93 18 22 97 32 38 20 99 92 74 95 56 2 84 71 50 65 85 24 28 21 80 69 91 8
100 5
1 1 0 0 0 1 1 1 0 1 1 0 1 0 0 0 0 0 1 0 1 1 0 1 0 1 0 0 0 1 0 0 0 1 0 1 1 0 1 0 0 1 1 1 1 0 1 0 1 1 1 1 0 1 0 0 1 0 0 0 0 0 0 0 1 1 1 0 1 0 0 0 0 1 0 0 0 1 1 0 0 1 0 0 1 0 1 0 0 0 0 0 1 0 1 0 0 0 1 0
73 63 62 86 66 67 9 80 4 82 16 52 75 15 45 68 79 53 78 27 64 92 54 0 93 12 25 47 24 59 17 8 10 19 36 13 28 72 20 44 48 21 55 90 2 3 89 87 34 30 43 18 74 6 50 94 76 77 69 46 91 29 31 11 65 96 97 83 42 35 22 5 7 60 81 39 49 33 32 1 41 14 95 88 56 37 26 38 98 99 84 70 71 58 57 51 40 85 23 61
100 5
0 0 0 1 1 1 1 1 1 0 0 0 1 0 0 0 1 1 1 1 1 1 0 0 1 1 1 0 1 0 0 1 0 1 1 0 1 0 0 0 1 1 0 1 1 1 1 0 1 0 0 0 1 1 0 0 1 1 1 1 1 1 1 1 0 1 0 0 0 0 0 1 0 0 0 0 0 1 0 1 0 0 1 1 0 0 1 0 1 0 1 1 1 1 1 0 0 0 1 0
80 0 86 85 81 75 59 97 57 42 95 76 98 49 55 1 90 92 44 25 36 65 28 39 88 31 50 93 40 56 79 26 53 13 8 12 33 43 87 32 29 2 67 69 51 83 70 14 74 58 21 3 73 63 99 77 20 18 10 11 66 60 72 46 62 6 68 96 4 89 16 5 38 48 17 82 19 23 27 54 91 22 61 30 52 94 78 45 37 41 34 84 71 15 64 47 7 24 9 35
100 5
0 0 1 0 0 1 0 0 1 1 1 1 0 1 1 1 0 0 1 0 1 1 0 0 0 1 1 0 0 0 0 0 1 1 0 1 1 0 1 0 0 0 0 0 0 1 1 1 1 1 1 1 0 1 0 1 1 1 0 1 1 0 1 1 1 1 0 1 0 1 0 1 1 0 1 1 1 1 1 0 1 1 1 1 0 1 0 0 0 1 1 1 1 1 0 1 0 0 0 0
23 43 1 59 58 89 91 76 15 55 35 46 2 82 78 68 22 52 71 99 90 41 54 84 74 64 79 28 10 45 33 34 92 65 49 70 21 61 17 75 95 29 44 12 85 88 42 7 32 72 93 97 66 25 50 19 51 5 24 62 47 36 31 3 53 14 39 94 96 77 48 69 67 27 9 13 98 8 18 63 0 87 81 73 37 40 11 4 56 30 86 60 80 38 83 26 6 20 57 16
