8
25 5
0 0 0 1 0 1 1 1 0 0 1 1 0 0 1 0 0 1 1 1 0 0 1 0 0
22 11 21 14 19 4 12 7 5 23 9 0 24 8 3 20 16 6 2 13 15 17 10 1 18
25 5
1 1 1 0 1 0 0 0 0 1 1 0 1 0 1 1 0 1 0 1 0 0 0 1 1
24 17 2 14 6 15 7 9 12 22 1 21 18 19 8 0 3 20 4 11 10 23 5 13 16
25 5
1 0 0 0 0 0 1 0 0 1 0 0 0 1 0 0 1 1 0 1 0 0 0 1 0
7 3 8 22 1 19 21 11 18 16 23 9 14 17 5 0 6 24 2 10 20 12 4 15 13
25 5
1 1 0 0 1 0 1 1 0 1 0 1 1 1 0 1 1 1 1 0 0 0 1 1 0
20 8 19 18 17 0 10 11 7 23 1 21 2 5 9 4 22 6 16 3 12 15 13 24 14
25 5
1 1 1 1 1 0 0 1 0 0 1 1 0 1 1 0 1 0 1 0 0 1 1 0 0
24 8 16 23 13 7 6 4 0 18 2 1 19 17 12 21 3 14 15 11 9 20 22 10 5
25 5
1 1 0 0 1 1 0 1 1 0 0 1 1 1 0 0 0 1 1 1 1 1 0 0 0
23 24 11 9 6 5 21 16 10 20 14 19 3 17 22 13 18 12 2 8 7 0 15 1 4
25 5
1 0 1 1 0 0 0 0 0 0 0 1 0 0 1 0 1 0 1 1 1 0 0 0 0
24 7 3 20 8 23 9 12 6 4 19 18 0 22 2 1 21 14 16 10 15 5 17 11 13
25 5
1 1 1 0 0 1 1 1 0 1 0 0 0 0 0 0 1 0 1 0 1 0 1 1 0
20 10 14 5 9 23 21 7 22 12 4 8 18 1 24 2 19 6 0 13 15 11 3 16 17
