8
50 5
0 1 0 0 1 1 1 0 0 1 0 0 1 0 1 1 1 1 1 0 0 1 1 1 1 1 1 0 1 0 0 0 0 1 1 0 1 0 1 1 0 1 0 1 0 0 0 1 1 1
49 20 23 33 24 4 6 41 17 22 48 7 5 42 14 15 2 40 11 36 43 10 19 16 46 1 35 13 26 9 44 47 34 38 27 37 8 0 45 29 25 3 32 30 21 12 31 18 28 39
50 5
0 0 1 1 0 1 0 0 0 1 0 1 1 1 0 1 1 0 1 0 0 1 0 1 1 0 0 1 0 1 1 0 1 0 1 1 1 0 1 1 1 1 0 0 0 1 1 0 0 1
4 41 28 36 3 47 46 1 21 20 11 38 42 30 25 32 43 45 39 9 0 37 27 15 18 48 7 16 35 23 12 34 2 8 26 49 29 40 14 22 13 17 6 33 24 5 19 44 10 31
50 5
0 1 0 1 0 0 1 1 0 0 0 1 1 0 0 0 1 1 1 1 0 0 1 1 0 0 1 1 0 1 1 0 0 1 1 1 0 0 0 1 1 1 1 1 0 0 0 0 1 1
1 9 18 11 7 3 17 19 5 36 30 32 45 49 12 25 43 33 20 44 47 28 14 29 22 35 34 0 16 6 41 31 42 26 10 24 40 37 27 15 39 46 8 2 4 21 13 48 23 38
50 5
1 0 1 1 1 0 0 0 0 0 1 1 1 0 1 0 0 1 1 0 0 1 1 1 0 0 1 1 1 0 1 0 0 0 0 0 0 1 0 1 0 1 0 1 1 0 1 1 0 0
34 38 33 36 44 0 12 49 23 27 42 14 24 32 48 2 22 18 6 31 47 9 11 13 3 43 16 45 15 29 21 4 10 35 30 8 37 41 20 28 46 26 19 25 39 17 5 40 7 1
50 5
1 1 1 0 1 0 1 0 0 0 1 1 1 1 0 0 1 1 0 1 0 0 1 1 0 1 1 1 0 0 0 0 1 0 0 1 0 0 0 1 0 0 0 0 0 1 0 0 1 1
33 34 18 22 24 17 1 4 13 46 45 30 42 21 9 20 31 23 49 8 14 5 44 25 16 29 19 35 38 47 48 36 32 11 15 41 28 43 7 0 27 39 37 6 10 3 40 26 2 12
50 5
1 1 1 0 1 0 1 1 0 0 0 0 1 0 1 0 1 1 1 0 0 1 1 0 0 0 0 0 0 1 1 0 0 0 1 1 1 0 0 0 0 0 0 1 0 1 1 1 0 0
34 45 10 13 28 39 17 1 2 38 25 3 16 18 27 36 4 35 24 48 11 21 43 29 49 20 42 0 47 40 37 30 9 32 44 22 41 12 6 8 7 15 23 33 46 5 14 31 19 26
50 5
0 0 0 1 1 0 0 1 1 1 1 0 0 1 1 1 0 0 0 0 0 1 0 1 1 0 1 1 1 0 0 1 0 1 0 1 0 1 0 1 0 0 1 1 1 1 0 1 0 1
44 2 39 0 49 37 19 17 4 32 12 8 7 42 33 35 5 30 36 6 9 43 20 41 40 11 22 26 31 48 25 3 45 21 29 16 18 47 15 10 13 28 24 23 46 27 14 38 1 34
50 5
1 1 0 0 0 0 0 0 1 0 1 1 1 1 1 1 0 0 0 0 1 1 1 1 1 0 1 0 1 0 1 0 1 0 1 0 0 1 0 1 0 1 0 1 0 0 1 0 0 0
41 1 27 35 36 0 24 44 22 8 39 34 30 11 31 9 3 32 42 6 48 10 43 40 38 45 19 2 25 16 21 49 17 23 26 12 47 5 13 14 7 28 33 18 20 46 15 4 29 37
