16
100 5
1 1 0 1 0 0 0 0 1 1 0 1 0 1 1 0 1 0 1 0 0 0 1 1 1 0 0 0 1 1 1 1 1 0 0 0 1 0 0 0 0 0 1 0 0 1 0 0 0 1 0 0 1 1 0 1 0 0 0 1 0 1 1 1 0 1 1 0 1 0 0 1 0 1 1 0 0 1 0 1 1 0 1 0 1 1 1 0 1 1 1 1 0 0 0 1 1 0 0 1
97 56 23 33 24 4 6 41 90 22 72 7 54 42 14 76 2 40 73 77 43 95 50 16 46 1 85 88 26 53 70 59 57 75 27 83 93 63 69 79 91 71 32 67 21 12 52 18 28 94 19 34 31 9 5 61 20 62 47 82 25 78 51 99 92 17 44 30 45 86 81 3 48 87 66 38 15 36 37 29 89 74 84 55 58 98 68 11 64 13 65 60 80 8 39 10 35 49 96 0
100 5
0 1 1 0 1 1 0 0 1 1 1 0 0 0 1 1 1 1 1 0 0 0 0 1 1 0 1 0 0 0 1 1 1 0 1 0 1 1 0 0 0 0 0 0 0 1 0 0 1 0 1 0 1 1 1 0 0 0 0 0 1 1 1 0 1 0 0 1 1 0 0 1 1 1 0 0 1 1 1 0 1 0 0 0 0 0 0 1 0 1 0 1 0 1 1 0 1 1 0 0
92 9 18 69 66 89 60 19 53 36 30 87 45 49 99 98 81 33 20 80 47 59 55 29 22 93 34 90 16 6 78 76 42 77 10 56 63 37 91 95 39 46 72 2 4 21 13 65 75 62 1 88 24 5 0 14 52 35 7 96 17 64 38 82 61 48 58 86 31 11 74 43 8 94 57 23 84 26 51 50 67 73 40 54 97 44 85 32 41 3 83 27 79 70 71 15 28 68 25 12
100 5
1 1 1 0 0 0 0 1 0 0 1 0 0 0 1 0 0 0 0 0 1 0 0 1 1 1 1 1 1 1 0 0 0 1 1 1 1 1 1 0 1 1 0 0 0 1 1 1 1 0 1 1 1 0 1 0 1 1 0 0 0 0 1 0 1 0 1 1 1 0 0 1 1 0 0 0 0 0 0 1 1 0 0 0 1 1 1 0 0 0 0 0 0 1 0 1 1 1 0 0
33 63 85 51 64 17 55 4 61 86 45 83 42 90 75 20 31 23 49 73 14 98 44 25 16 80 91 35 38 47 48 36 95 93 99 92 65 43 7 69 27 62 37 97 82 87 40 26 94 54 53 88 6 96 57 1 71 81 10 2 34 56 77 60 24 28 18 58 11 0 12 13 67 8 70 9 52 79 41 39 29 74 72 30 84 66 46 3 22 50 21 19 78 68 59 32 89 76 5 15
100 5
0 1 1 1 0 0 1 0 1 0 1 0 1 0 1 0 0 1 1 1 1 0 1 0 1 1 1 1 1 0 0 0 1 0 0 0 0 0 0 0 0 1 0 0 1 1 0 0 1 0 1 1 0 0 0 0 0 0 1 0 1 1 1 1 1 1 0 0 0 0 1 1 1 1 1 0 1 0 1 0 1 0 1 0 1 0 0 1 0 1 0 1 0 1 0 0 1 0 0 0
44 86 65 82 90 37 19 51 4 32 97 99 7 72 93 35 5 30 36 60 9 43 52 41 40 11 75 26 31 48 25 3 73 87 29 89 18 94 70 68 13 79 24 23 71 27 78 81 91 80 85 17 77 53 66 47 14 98 64 2 76 69 61 92 8 39 42 28 10 33 15 46 54 45 62 22 6 63 56 67 34 38 0 83 49 58 57 21 55 96 95 1 20 74 88 84 16 12 59 50
100 5
0 0 0 0 1 1 1 0 1 1 0 1 1 0 0 0 1 1 1 1 0 0 0 0 1 0 1 0 1 0 1 1 1 0 1 1 1 0 0 0 1 1 1 1 1 0 1 1 0 1 1 1 1 0 0 0 0 0 1 1 0 1 1 1 0 1 1 0 1 0 0 1 0 0 1 1 1 0 1 1 1 0 1 1 1 1 1 1 0 0 0 1 0 1 0 1 1 1 0 0
66 9 16 97 91 52 83 73 31 92 56 50 48 82 68 29 25 39 72 32 88 46 18 65 99 69 30 19 58 90 79 24 1 80 10 85 75 40 13 21 67 27 45 4 3 93 37 64 35 34 96 12 86 41 0 17 87 95 8 22 15 49 59 71 53 76 6 44 5 14 26 89 33 51 36 2 42 47 98 60 23 43 55 28 94 70 84 81 62 63 61 78 20 77 38 57 74 11 7 54
100 5
1 1 1 0 0 1 1 0 0 0 1 0 0 1 0 1 0 0 0 0 0 1 1 0 1 0 1 0 1 1 0 1 1 0 0 1 1 1 1 0 0 1 0 1 0 1 0 1 0 1 0 0 0 1 1 1 0 0 1 1 0 1 0 1 0 1 0 0 1 1 0 1 1 1 0 1 1 0 0 1 1 1 0 1 1 0 0 0 1 1 1 1 1 1 1 1 0 0 0 1
79 73 72 52 4 15 37 78 38 36 50 51 60 82 47 74 11 16 23 67 75 98 48 35 33 24 14 58 81 8 18 41 84 85 70 43 69 32 27 9 7 39 12 86 6 76 97 92 54 19 93 71 96 3 77 29 28 61 42 56 65 91 20 83 1 22 89 49 80 34 45 90 31 99 30 68 62 0 26 53 95 59 13 46 21 94 63 2 87 88 64 57 25 40 44 66 17 10 55 5
100 5
0 0 1 0 1 1 0 0 1 0 0 1 1 1 1 1 1 0 0 1 1 0 0 0 0 1 1 0 0 1 1 1 1 1 0 0 0 1 0 0 1 1 1 1 1 0 1 1 0 0 0 0 0 0 0 0 0 1 1 0 0 1 1 0 0 0 1 0 0 1 1 0 0 0 0 0 0 0 1 0 0 1 1 0 0 1 1 1 1 0 1 0 1 0 1 0 1 1 1 1
53 79 23 39 90 1 36 97 33 49 82 87 51 85 52 37 77 62 68 38 13 94 34 3 76 31 83 69 9 67 11 84 59 32 58 54 44 74 88 57 99 46 25 50 22 26 56 92 2 0 7 16 18 89 12 71 70 19 61 21 93 78 30 81 40 20 66 15 95 27 73 24 42 80 41 63 10 14 55 17 86 64 43 98 4 35 65 28 72 5 47 96 75 29 8 60 48 91 45 6
100 5
0 1 1 0 1 0 0 1 0 0 0 0 1 1 1 1 1 0 0 0 0 1 1 1 1 0 0 1 1 1 1 1 0 1 1 0 1 1 0 0 0 0 1 1 1 1 1 0 1 1 1 0 0 0 1 1 1 1 0 0 1 0 0 0 1 0 0 1 1 0 0 1 1 0 0 0 0 1 1 0 0 1 1 0 1 0 0 0 0 1 0 0 0 0 0 1 0 0 0 1
80 75 46 15 45 25 38 57 4 82 76 33 63 62 67 94 71 16 49 39 87 96 79 69 83 78 42 86 88 18 65 70 68 72 29 97 35 53 43 85 32 91 89 34 36 98 77 64 8 37 0 93 10 54 17 41 20 5 24 28 47 19 22 30 84 60 51 9 26 48 59 95 81 31 7 61 21 74 40 27 52 2 99 3 44 66 14 56 73 12 90 92 6 55 1 50 23 13 58 11
100 5
0 1 1 1 1 1 1 0 1 1 0 0 1 0 1 0 0 1 1 0 0 1 1 1 0 0 0 0 0 0 0 0 1 1 0 1 1 0 0 1 0 0 0 1 0 1 1 1 0 1 0 1 0 1 1 1 0 1 1 1 0 1 1 1 0 1 1 0 0 1 1 1 1 0 0 0 1 0 0 1 1 1 1 1 0 0 1 1 0 1 1 0 1 1 0 1 1 0 1 1
13 50 30 54 90 21 7 56 19 77 64 80 4 68 11 22 97 40 67 20 25 79 58 10 83 65 42 82 12 91 36 76 14 61 48 78 39 29 2 74 24 99 94 0 63 43 31 41 62 23 33 6 45 38 16 44 9 18 51 95 32 84 28 5 59 52 70 53 69 26 27 89 81 96 1 15 72 17 73 35 57 75 93 3 37 85 49 71 34 98 46 86 60 87 8 92 47 88 66 55
100 5
0 0 0 1 1 1 0 0 0 0 0 0 1 1 0 1 0 0 1 0 0 0 0 1 0 0 1 1 1 1 0 0 1 0 0 0 1 1 0 0 0 0 1 0 1 1 1 1 1 1 0 0 1 0 0 1 1 1 1 1 1 0 0 0 1 1 0 1 1 1 1 1 1 1 1 1 1 0 0 1 1 1 0 0 0 0 1 1 0 0 1 0 1 0 0 1 0 1 1 1
60 30 49 58 18 2 27 78 55 76 17 61 24 36 87 54 90 80 94 98 39 52 35 91 65 84 95 96 3 82 50 40 46 44 73 45 10 32 59 75 79 12 7 57 62 47 6 5 93 83 92 70 19 89 29 0 28 34 85 69 31 68 37 43 48 51 25 67 9 81 41 33 4 16 56 74 8 66 88 97 72 15 20 23 71 14 11 26 42 38 53 77 99 13 1 63 21 86 22 64
100 5
0 0 0 0 0 1 0 1 0 1 0 1 1 0 0 0 1 0 1 1 0 0 1 0 1 0 0 0 1 1 0 0 0 1 0 0 1 0 0 0 1 1 0 0 1 1 0 0 1 0 1 1 0 1 1 0 1 1 0 1 1 0 0 0 1 1 1 0 0 0 0 0 0 0 1 0 0 1 1 1 0 1 0 1 0 1 1 0 1 0 1 1 0 0 1 0 0 1 0 1
73 74 30 77 33 86 51 58 83 13 66 81 85 94 48 79 26 78 67 45 89 21 5 2 29 19 90 37 3 8 54 9 41 18 32 65 39 92 68 76 1 63 7 44 87 35 64 40 15 38 99 17 6 61 59 91 16 34 72 84 4 10 96 0 98 28 69 36 42 88 60 57 47 70 95 93 14 75 43 22 20 97 31 56 11 27 52 62 24 49 53 12 25 82 71 23 46 50 80 55
100 5
1 1 1 1 1 1 0 0 0 0 1 1 1 1 1 0 0 0 1 1 1 1 0 1 0 1 1 0 1 0 1 0 1 0 1 0 0 0 1 0 0 0 0 1 0 1 0 0 1 1 0 1 0 1 0 1 1 0 1 0 0 0 0 0 1 1 0 0 1 1 0 1 1 0 0 0 1 0 0 0 0 0 0 1 0 0 0 1 1 0 0 1 1 1 1 1 1 1 0 0
86 4 14 51 69 38 5 71 44 60 1 22 88 35 79 9 24 65 98 36 57 18 64 10 2 15 6 29 96 95 8 33 83 49 80 40 55 93 25 53 58 82 12 13 31 81 46 92 94 42 0 85 61 78 11 66 34 16 27 20 70 87 17 39 90 30 21 28 54 32 3 47 48 91 62 19 72 73 97 43 26 63 74 67 7 89 99 76 45 84 52 50 75 41 77 23 56 59 68 37
100 5
0 1 1 1 1 1 0 0 0 0 0 1 0 1 0 1 0 0 1 0 1 0 0 0 1 0 0 0 1 1 0 1 0 1 0 0 1 1 0 0 1 0 0 1 0 1 0 0 0 0 0 1 1 0 0 1 0 0 0 0 0 0 1 1 0 1 0 1 1 0 1 0 1 1 1 1 1 1 0 1 0 1 0 0 0 1 1 0 0 1 1 0 1 0 0 0 1 0 0 0
42 36 0 65 43 54 94 20 44 73 10 46 88 2 27 70 50 99 3 22 29 7 34 66 24 87 97 60 35 4 82 84 11 98 85 74 72 13 58 38 76 90 47 51 17 69 96 15 1 56 75 62 79 68 77 48 93 6 30 89 8 25 52 63 86 59 40 92 53 49 14 21 33 16 95 57 31 67 41 19 12 78 55 32 39 91 23 26 80 9 83 61 45 37 5 18 64 71 28 81
100 5
0 0 1 0 1 0 1 0 0 1 0 1 0 1 0 0 0 1 1 1 1 0 0 1 1 0 1 0 0 1 0 0 0 1 0 1 0 1 1 0 1 1 1 0 0 1 1 1 0 1 0 0 1 0 1 1 1 0 1 0 0 0 0 1 0 0 0 0 1 0 0 1 0 0 0 1 1 1 1 0 0 0 0 0 0 0 1 1 1 1 1 1 1 1 0 0 1 0 0 1
3 26 63 98 43 19 42 34 2 25 37 16 97 38 87 1 18 53 99 78 12 21 62 44 72 28 84 33 9 93 92 30 66 17 61 29 68 86 0 39 83 6 85 59 40 10 52 89 31 60 70 51 4 14 75 77 48 73 91 88 46 32 82 24 50 27 35 41 49 65 67 36 20 13 11 96 58 22 80 47 23 56 55 74 7 90 5 95 8 15 76 94 45 69 79 71 81 57 54 64
100 5
0 0 1 0 1 0 1 1 1 0 0 1 1 0 1 0 0 1 0 1 1 1 0 1 0 0 0 0 1 1 1 1 1 0 0 1 1 0 1 1 1 1 0 0 1 1 1 1 1 0 0 1 1 1 0 0 0 0 1 0 1 1 1 1 1 0 1 1 1 0 0 1 0 0 1 0 0 1 0 1 1 1 0 0 0 1 1 1 0 1 0 1 0 1 1 0 1 0 0 1
30 83 44 25 7 80 86 29 99 89 38 31 33 26 57 59 64 81 88 49 85 28 36 79 3 69 2 90 6 42 91 54 76 75 95 66 77 43 11 71 50 58 14 82 52 17 63 12 8 16 18 48 97 19 27 20 53 22 34 94 5 46 10 72 98 15 56 70 45 61 60 24 0 62 47 40 92 55 93 74 4 35 32 9 67 96 51 39 1 65 13 23 84 87 78 21 68 73 41 37
100 5
1 0 1 1 1 1 0 1 0 1 0 1 0 1 1 1 1 0 1 0 0 0 0 0 0 1 0 1 0 1 1 0 1 1 1 1 0 0 0 0 0 0 0 1 0 0 0 0 1 1 1 1 0 1 1 0 0 1 1 1 1 0 1 1 0 0 1 1 1 0 0 0 1 1 1 1 0 1 1 1 1 1 0 0 1 1 0 1 1 0 1 0 0 0 0 0 1 1 1 0
9 1 40 5 89 55 73 54 51 39 82 11 75 59 96 15 8 47 58 94 65 22 74 50 21 36 99 91 37 67 68 64 45 34 76 29 48 25 23 53 46 79 63 77 86 70 66 13 57 93 26 17 95 41 61 90 52 92 42 14 19 28 88 97 12 0 30 62 35 87 49 27 16 83 18 10 24 44 71 33 85 60 7 20 80 31 3 2 4 81 38 78 84 72 32 69 43 56 98 6
