4
100 5
1 1 0 1 0 0 0 0 1 1 0 1 0 1 1 0 1 0 1 0 0 0 1 1 1 0 0 0 1 1 1 1 1 0 0 0 1 0 0 0 0 0 1 0 0 1 0 0 0 1 0 0 1 1 0 1 0 0 0 1 0 1 1 1 0 1 1 0 1 0 0 1 0 1 1 0 0 1 0 1 1 0 1 0 1 1 1 0 1 1 1 1 0 0 0 1 1 0 0 1
97 56 23 33 24 4 6 41 90 22 72 7 54 42 14 76 2 40 73 77 43 95 50 16 46 1 85 88 26 53 70 59 57 75 27 83 93 63 69 79 91 71 32 67 21 12 52 18 28 94 19 34 31 9 5 61 20 62 47 82 25 78 51 99 92 17 44 30 45 86 81 3 48 87 66 38 15 36 37 29 89 74 84 55 58 98 68 11 64 13 65 60 80 8 39 10 35 49 96 0
100 5
0 1 1 0 1 1 0 0 1 1 1 0 0 0 1 1 1 1 1 0 0 0 0 1 1 0 1 0 0 0 1 1 1 0 1 0 1 1 0 0 0 0 0 0 0 1 0 0 1 0 1 0 1 1 1 0 0 0 0 0 1 1 1 0 1 0 0 1 1 0 0 1 1 1 0 0 1 1 1 0 1 0 0 0 0 0 0 1 0 1 0 1 0 1 1 0 1 1 0 0
92 9 18 69 66 89 60 19 53 36 30 87 45 49 99 98 81 33 20 80 47 59 55 29 22 93 34 90 16 6 78 76 42 77 10 56 63 37 91 95 39 46 72 2 4 21 13 65 75 62 1 88 24 5 0 14 52 35 7 96 17 64 38 82 61 48 58 86 31 11 74 43 8 94 57 23 84 26 51 50 67 73 40 54 97 44 85 32 41 3 83 27 79 70 71 15 28 68 25 12
100 5
1 1 1 0 0 0 0 1 0 0 1 0 0 0 1 0 0 0 0 0 1 0 0 1 1 1 1 1 1 1 0 0 0 1 1 1 1 1 1 0 1 1 0 0 0 1 1 1 1 0 1 1 1 0 1 0 1 1 0 0 0 0 1 0 1 0 1 1 1 0 0 1 1 0 0 0 0 0 0 1 1 0 0 0 1 1 1 0 0 0 0 0 0 1 0 1 1 1 0 0
33 63 85 51 64 17 55 4 61 86 45 83 42 90 75 20 31 23 49 73 14 98 44 25 16 80 91 35 38 47 48 36 95 93 99 92 65 43 7 69 27 62 37 97 82 87 40 26 94 54 53 88 6 96 57 1 71 81 10 2 34 56 77 60 24 28 18 58 11 0 12 13 67 8 70 9 52 79 41 39 29 74 72 30 84 66 46 3 22 50 21 19 78 68 59 32 89 76 5 15
100 5
0 1 1 1 0 0 1 0 1 0 1 0 1 0 1 0 0 1 1 1 1 0 1 0 1 1 1 1 1 0 0 0 1 0 0 0 0 0 0 0 0 1 0 0 1 1 0 0 1 0 1 1 0 0 0 0 0 0 1 0 1 1 1 1 1 1 0 0 0 0 1 1 1 1 1 0 1 0 1 0 1 0 1 0 1 0 0 1 0 1 0 1 0 1 0 0 1 0 0 0
44 86 65 82 90 37 19 51 4 32 97 99 7 72 93 35 5 30 36 60 9 43 52 41 40 11 75 26 31 48 25 3 73 87 29 89 18 94 70 68 13 79 24 23 71 27 78 81 91 80 85 17 77 53 66 47 14 98 64 2 76 69 61 92 8 39 42 28 10 33 15 46 54 45 62 22 6 63 56 67 34 38 0 83 49 58 57 21 55 96 95 1 20 74 88 84 16 12 59 50
