16
12 5
1 1 0 1 1 0 0 0 1 0 1 0
0 2 1 5 9 11 4 7 6 10 3 8
12 5
1 0 1 1 0 0 0 1 0 0 1 1
1 3 0 11 8 10 5 9 2 6 7 4
12 5
1 1 0 1 1 1 0 1 1 1 0 1
7 3 11 1 4 10 6 2 9 8 0 5
12 5
0 0 1 1 0 0 1 0 0 0 1 0
6 3 11 8 2 10 0 9 5 1 7 4
12 5
1 0 0 1 0 1 1 0 0 1 1 1
5 1 6 4 9 7 3 2 8 10 0 11
12 5
0 1 0 0 1 0 0 1 1 1 0 1
5 9 6 11 7 2 3 1 10 8 4 0
12 5
0 0 0 0 0 1 0 0 0 1 1 0
4 2 0 3 11 8 10 7 9 1 6 5
12 5
1 0 0 1 1 1 0 1 1 1 0 1
4 3 2 11 1 7 6 10 0 8 5 9
12 5
0 0 0 1 0 0 0 0 0 1 0 1
10 7 11 6 2 3 9 1 4 8 5 0
12 5
1 1 0 1 1 1 0 1 1 0 1 0
4 6 11 3 7 0 10 1 5 2 8 9
12 5
1 1 0 0 0 0 1 1 0 0 1 0
3 11 5 4 2 6 1 10 0 8 7 9
12 5
1 0 1 0 0 1 1 0 1 1 1 1
2 3 8 6 9 1 4 10 11 0 7 5
12 5
1 1 1 0 0 1 1 0 0 1 1 0
9 0 3 2 10 4 7 5 6 1 8 11
12 5
1 1 1 1 1 0 1 0 0 1 1 0
2 1 9 3 4 11 10 6 7 5 8 0
12 5
0 0 1 1 0 1 0 0 0 0 1 0
7 4 11 10 3 8 2 1 6 9 5 0
12 5
1 0 0 0 1 0 0 0 0 1 1 0
6 7 4 1 3 8 0 11 9 5 10 2
