2 750

+20351.5
1
+39
+89
2
+14
+31
3
+35
+29
4
+34
+47
5
+20
+99
6
+41
+44
7
+53
+23
8
+59
+40
9
+52
+44
10
+66
+51
11
+56
+81
12
+17
+14
13
+68
+61
14
+22
+17
15
+22
+63
16
+81
+21
17
+18
+32
18
+17
+51
19
+76
+34
20
+73
+88
21
+68
+30
22
+34
+52
23
+78
+53
24
+82
+91
25
+59
+14
26
+74
+57
27
+34
+59
28
+78
+65
29
+91
+62
30
+19
+70
31
+63
+35
32
+99
+49
33
+36
+82
34
+28
+66
35
+85
+61
36
+33
+60
37
+11
+88
38
+76
+39
39
+79
+27
40
+80
+38
41
+48
+20
42
+36
+61
43
+93
+54
44
+80
+72
45
+77
+56
46
+28
+40
47
+80
+34
48
+65
+63
49
+41
+89
50
+45
+20
51
+77
+96
52
+48
+54
53
+54
+88
54
+22
+92
55
+24
+24
56
+11
+99
57
+10
+60
58
+84
+89
59
+95
+58
60
+90
+23
61
+85
+36
62
+27
+77
63
+83
+34
64
+72
+82
65
+53
+20
66
+70
+40
67
+27
+16
68
+38
+46
69
+93
+18
70
+55
+90
71
+64
+78
72
+12
+24
73
+82
+19
74
+65
+86
75
+60
+96
76
+65
+72
77
+45
+62
78
+51
+77
79
+72
+71
80
+87
+48
81
+84
+50
82
+58
+53
83
+89
+41
84
+98
+98
85
+17
+26
86
+67
+93
87
+42
+52
88
+86
+84
89
+41
+49
90
+65
+35
91
+73
+13
92
+45
+73
93
+55
+94
94
+16
+64
95
+15
+61
96
+81
+12
97
+16
+99
98
+37
+17
99
+21
+82
100
+19
+36
101
+51
+36
102
+19
+18
103
+50
+24
104
+51
+69
105
+72
+68
106
+65
+84
107
+18
+84
108
+31
+48
109
+19
+54
110
+20
+48
111
+37
+17
112
+76
+44
113
+73
+11
114
+31
+95
115
+20
+37
116
+24
+52
117
+21
+74
118
+22
+62
119
+65
+83
120
+53
+17
121
+68
+79
122
+97
+98
123
+32
+97
124
+100
+62
125
+62
+29
126
+31
+17
127
+66
+73
128
+64
+78
129
+12
+55
130
+24
+37
131
+59
+59
132
+40
+36
133
+16
+23
134
+92
+91
135
+54
+84
136
+32
+44
137
+14
+63
138
+98
+98
139
+47
+12
140
+41
+100
141
+45
+81
142
+85
+30
143
+91
+93
144
+34
+32
145
+100
+95
146
+60
+27
147
+18
+73
148
+62
+43
149
+10
+33
150
+20
+76
151
+40
+51
152
+96
+62
153
+17
+72
154
+77
+72
155
+51
+28
156
+50
+93
157
+59
+76
158
+13
+35
159
+73
+89
160
+34
+75
161
+43
+78
162
+10
+45
163
+18
+18
164
+69
+86
165
+36
+34
166
+41
+29
167
+18
+97
168
+53
+36
169
+97
+30
170
+91
+87
171
+33
+47
172
+55
+66
173
+89
+21
174
+94
+40
175
+69
+52
176
+81
+76
177
+74
+17
178
+54
+57
179
+73
+53
180
+96
+78
181
+33
+35
182
+90
+52
183
+67
+91
184
+58
+100
185
+62
+41
186
+87
+77
187
+21
+61
188
+45
+11
189
+100
+96
190
+97
+27
191
+78
+51
192
+94
+70
193
+31
+85
194
+92
+91
195
+71
+44
196
+73
+11
197
+83
+23
198
+90
+21
199
+56
+16
200
+49
+91
201
+61
+72
202
+16
+77
203
+40
+99
204
+60
+76
205
+21
+12
206
+81
+57
207
+91
+30
208
+52
+68
209
+96
+65
210
+83
+52
211
+75
+34
212
+96
+10
213
+59
+54
214
+16
+84
215
+100
+56
216
+49
+98
217
+29
+81
218
+38
+74
219
+96
+89
220
+45
+20
221
+40
+68
222
+50
+75
223
+91
+94
224
+84
+39
225
+67
+82
226
+65
+29
227
+14
+32
228
+27
+16
229
+100
+57
230
+90
+66
231
+15
+45
232
+33
+14
233
+80
+93
234
+58
+41
235
+68
+45
236
+100
+45
237
+65
+25
238
+91
+92
239
+10
+55
240
+42
+57
241
+84
+70
242
+58
+61
243
+91
+26
244
+22
+27
245
+45
+47
246
+83
+64
247
+56
+56
248
+72
+50
249
+16
+17
250
+14
+16
251
+86
+19
252
+33
+47
253
+39
+42
254
+81
+98
255
+53
+60
256
+17
+55
257
+67
+97
258
+35
+100
259
+19
+66
260
+87
+31
261
+58
+96
262
+90
+63
263
+98
+47
264
+17
+48
265
+75
+21
266
+22
+17
267
+91
+62
268
+72
+86
269
+84
+15
270
+60
+53
271
+29
+64
272
+70
+32
273
+31
+40
274
+56
+41
275
+25
+93
276
+34
+75
277
+34
+73
278
+76
+10
279
+72
+41
280
+67
+15
281
+16
+57
282
+91
+37
283
+66
+11
284
+62
+14
285
+42
+71
286
+57
+86
287
+93
+75
288
+80
+82
289
+30
+27
290
+63
+58
291
+55
+35
292
+23
+83
293
+97
+99
294
+23
+13
295
+68
+51
296
+21
+90
297
+46
+48
298
+92
+43
299
+86
+49
300
+18
+37
301
+52
+50
302
+42
+20
303
+93
+100
304
+72
+68
305
+36
+78
306
+70
+26
307
+28
+48
308
+10
+68
309
+83
+95
310
+32
+80
311
+74
+50
312
+39
+55
313
+53
+12
314
+79
+84
315
+97
+51
316
+14
+55
317
+95
+40
318
+97
+32
319
+43
+89
320
+36
+17
321
+53
+81
322
+72
+52
323
+14
+13
324
+98
+100
325
+74
+44
326
+23
+11
327
+39
+85
328
+63
+12
329
+87
+95
330
+74
+81
331
+33
+77
332
+10
+23
333
+14
+89
334
+71
+91
335
+32
+85
336
+49
+30
337
+11
+100
338
+12
+56
339
+80
+55
340
+10
+41
341
+54
+82
342
+74
+20
343
+91
+98
344
+11
+54
345
+20
+81
346
+71
+24
347
+73
+44
348
+42
+77
349
+84
+78
350
+74
+42
351
+23
+23
352
+65
+96
353
+53
+75
354
+32
+27
355
+72
+89
356
+92
+100
357
+47
+63
358
+45
+52
359
+37
+96
360
+60
+66
361
+33
+82
362
+46
+80
363
+100
+54
364
+24
+54
365
+18
+99
366
+93
+82
367
+63
+70
368
+24
+83
369
+53
+28
370
+50
+99
371
+82
+100
372
+10
+11
373
+86
+81
374
+59
+93
375
+56
+57
376
+80
+90
377
+23
+89
378
+51
+86
379
+70
+68
380
+21
+31
381
+41
+69
382
+100
+11
383
+73
+24
384
+97
+28
385
+29
+26
386
+47
+34
387
+12
+63
388
+66
+21
389
+69
+34
390
+34
+40
391
+95
+21
392
+28
+48
393
+54
+95
394
+11
+76
395
+94
+42
396
+16
+64
397
+11
+46
398
+52
+74
399
+34
+85
400
+95
+34
401
+75
+52
402
+87
+12
403
+96
+89
404
+72
+94
405
+56
+60
406
+34
+23
407
+90
+35
408
+94
+38
409
+71
+57
410
+22
+39
411
+72
+10
412
+20
+13
413
+22
+66
414
+41
+27
415
+23
+12
416
+62
+71
417
+79
+40
418
+13
+17
419
+12
+97
420
+83
+62
421
+85
+15
422
+21
+75
423
+48
+82
424
+81
+29
425
+74
+77
426
+54
+41
427
+75
+47
428
+53
+73
429
+66
+65
430
+77
+72
431
+61
+65
432
+19
+17
433
+84
+92
434
+25
+12
435
+24
+92
436
+63
+25
437
+96
+81
438
+21
+88
439
+44
+60
440
+50
+60
441
+65
+65
442
+58
+20
443
+49
+41
444
+95
+50
445
+85
+37
446
+32
+11
447
+86
+37
448
+62
+93
449
+26
+20
450
+10
+26
451
+36
+11
452
+15
+61
453
+72
+67
454
+41
+49
455
+18
+30
456
+47
+71
457
+90
+16
458
+64
+87
459
+23
+42
460
+15
+13
461
+29
+37
462
+28
+83
463
+76
+56
464
+78
+28
465
+83
+67
466
+33
+62
467
+20
+91
468
+46
+20
469
+76
+14
470
+68
+94
471
+22
+99
472
+70
+40
473
+13
+50
474
+63
+63
475
+85
+63
476
+35
+73
477
+89
+28
478
+97
+42
479
+10
+33
480
+23
+80
481
+55
+79
482
+34
+14
483
+86
+56
484
+30
+36
485
+64
+48
486
+57
+68
487
+42
+81
488
+31
+54
489
+19
+22
490
+44
+96
491
+24
+16
492
+61
+80
493
+57
+24
494
+41
+89
495
+22
+67
496
+11
+34
497
+78
+78
498
+22
+24
499
+68
+88
500
+95
+96
501
+52
+88
502
+39
+55
503
+64
+66
504
+77
+47
505
+13
+19
506
+35
+39
507
+65
+64
508
+79
+17
509
+82
+14
510
+97
+31
511
+17
+35
512
+53
+14
513
+78
+44
514
+73
+24
515
+39
+43
516
+85
+16
517
+26
+29
518
+14
+31
519
+42
+94
520
+58
+47
521
+47
+23
522
+72
+13
523
+57
+55
524
+56
+39
525
+96
+71
526
+44
+96
527
+95
+62
528
+26
+16
529
+66
+43
530
+69
+28
531
+56
+56
532
+82
+96
533
+67
+97
534
+50
+43
535
+94
+10
536
+77
+50
537
+74
+66
538
+61
+90
539
+67
+22
540
+23
+77
541
+24
+48
542
+81
+61
543
+44
+78
544
+70
+38
545
+14
+14
546
+31
+99
547
+61
+43
548
+58
+17
549
+14
+49
550
+26
+22
551
+46
+93
552
+44
+31
553
+91
+13
554
+59
+59
555
+91
+45
556
+66
+76
557
+21
+51
558
+99
+18
559
+64
+67
560
+29
+33
561
+60
+64
562
+75
+25
563
+69
+81
564
+64
+36
565
+79
+87
566
+55
+63
567
+59
+51
568
+99
+34
569
+97
+31
570
+25
+55
571
+66
+17
572
+97
+98
573
+61
+90
574
+69
+49
575
+98
+94
576
+98
+45
577
+42
+88
578
+88
+16
579
+52
+47
580
+20
+62
581
+67
+95
582
+53
+53
583
+93
+22
584
+98
+73
585
+55
+96
586
+77
+14
587
+26
+78
588
+73
+35
589
+66
+35
590
+42
+29
591
+41
+20
592
+61
+65
593
+55
+52
594
+46
+71
595
+69
+54
596
+14
+34
597
+49
+28
598
+95
+36
599
+74
+39
600
+52
+57
601
+98
+84
602
+28
+93
603
+48
+49
604
+15
+11
605
+53
+20
606
+25
+77
607
+50
+37
608
+56
+94
609
+72
+90
610
+55
+84
611
+65
+37
612
+24
+75
613
+61
+17
614
+43
+27
615
+20
+11
616
+51
+56
617
+47
+23
618
+35
+100
619
+27
+31
620
+27
+33
621
+92
+58
622
+17
+33
623
+53
+40
624
+20
+95
625
+60
+33
626
+47
+11
627
+56
+68
628
+87
+13
629
+33
+71
630
+16
+27
631
+71
+95
632
+54
+100
633
+76
+74
634
+55
+58
635
+80
+93
636
+99
+16
637
+56
+62
638
+69
+64
639
+90
+13
640
+52
+84
641
+33
+48
642
+97
+73
643
+15
+11
644
+43
+94
645
+42
+67
646
+30
+24
647
+31
+78
648
+14
+40
649
+55
+57
650
+22
+87
651
+68
+88
652
+98
+95
653
+67
+11
654
+51
+39
655
+38
+88
656
+29
+80
657
+84
+99
658
+83
+90
659
+87
+88
660
+64
+92
661
+66
+80
662
+50
+57
663
+89
+77
664
+23
+53
665
+32
+11
666
+16
+84
667
+58
+49
668
+54
+43
669
+30
+20
670
+67
+83
671
+63
+76
672
+11
+70
673
+93
+41
674
+42
+42
675
+37
+32
676
+45
+36
677
+59
+29
678
+54
+53
679
+71
+89
680
+90
+14
681
+11
+41
682
+15
+17
683
+43
+52
684
+66
+51
685
+24
+21
686
+99
+35
687
+16
+83
688
+11
+12
689
+28
+71
690
+55
+62
691
+61
+26
692
+21
+13
693
+32
+18
694
+52
+24
695
+43
+99
696
+78
+62
697
+65
+69
698
+76
+27
699
+56
+81
700
+27
+20
701
+22
+20
702
+39
+52
703
+11
+66
704
+35
+32
705
+91
+96
706
+46
+17
707
+47
+19
708
+96
+14
709
+76
+39
710
+58
+20
711
+64
+71
712
+24
+29
713
+78
+71
714
+27
+31
715
+31
+90
716
+83
+15
717
+34
+76
718
+21
+21
719
+23
+73
720
+74
+52
721
+92
+65
722
+50
+72
723
+50
+46
724
+93
+76
725
+63
+42
726
+55
+15
727
+72
+18
728
+37
+11
729
+92
+93
730
+50
+27
731
+52
+90
732
+80
+60
733
+74
+41
734
+41
+61
735
+35
+20
736
+64
+40
737
+19
+29
738
+20
+50
739
+15
+25
740
+72
+53
741
+44
+63
742
+83
+16
743
+52
+55
744
+14
+75
745
+15
+64
746
+34
+79
747
+94
+95
748
+27
+100
749
+45
+31
750
+20
+99

+20460
1
+86
+82
2
+40
+71
3
+95
+78
4
+51
+73
5
+37
+43
6
+74
+30
7
+28
+18
8
+95
+28
9
+93
+54
10
+18
+77
11
+21
+82
12
+18
+48
13
+22
+67
14
+96
+15
15
+68
+34
16
+17
+21
17
+85
+52
18
+100
+68
19
+74
+31
20
+44
+93
21
+13
+51
22
+30
+83
23
+16
+78
24
+87
+31
25
+59
+75
26
+76
+30
27
+75
+34
28
+34
+30
29
+37
+62
30
+60
+55
31
+12
+33
32
+64
+64
33
+37
+58
34
+26
+47
35
+38
+40
36
+55
+13
37
+95
+97
38
+25
+77
39
+61
+95
40
+32
+68
41
+59
+42
42
+30
+36
43
+35
+55
44
+75
+25
45
+52
+86
46
+37
+72
47
+47
+68
48
+91
+95
49
+89
+26
50
+68
+85
51
+65
+34
52
+30
+98
53
+29
+85
54
+37
+30
55
+35
+27
56
+86
+73
57
+13
+64
58
+43
+57
59
+92
+73
60
+20
+100
61
+27
+56
62
+42
+82
63
+75
+59
64
+92
+27
65
+99
+35
66
+45
+56
67
+12
+41
68
+54
+33
69
+16
+13
70
+14
+50
71
+43
+57
72
+93
+41
73
+79
+34
74
+85
+50
75
+59
+10
76
+22
+12
77
+18
+45
78
+66
+76
79
+58
+12
80
+34
+30
81
+81
+55
82
+78
+74
83
+97
+40
84
+50
+24
85
+35
+19
86
+68
+13
87
+80
+78
88
+48
+42
89
+36
+73
90
+16
+33
91
+77
+28
92
+80
+58
93
+39
+81
94
+54
+25
95
+21
+74
96
+47
+71
97
+22
+35
98
+31
+69
99
+28
+95
100
+52
+82
101
+54
+46
102
+10
+67
103
+19
+52
104
+37
+33
105
+98
+41
106
+33
+94
107
+85
+66
108
+35
+50
109
+88
+14
110
+47
+57
111
+60
+94
112
+59
+87
113
+79
+85
114
+54
+13
115
+79
+63
116
+100
+97
117
+18
+17
118
+82
+50
119
+94
+98
120
+94
+36
121
+72
+34
122
+25
+23
123
+15
+65
124
+24
+51
125
+56
+21
126
+54
+84
127
+74
+22
128
+65
+92
129
+14
+99
130
+71
+56
131
+92
+33
132
+24
+21
133
+27
+16
134
+64
+60
135
+36
+37
136
+85
+45
137
+36
+23
138
+51
+55
139
+37
+32
140
+16
+96
141
+72
+87
142
+61
+17
143
+18
+24
144
+29
+78
145
+16
+57
146
+97
+50
147
+17
+13
148
+85
+79
149
+50
+85
150
+52
+71
151
+32
+40
152
+86
+45
153
+44
+72
154
+71
+20
155
+17
+32
156
+24
+26
157
+60
+53
158
+22
+11
159
+14
+67
160
+90
+17
161
+97
+84
162
+18
+94
163
+18
+45
164
+66
+79
165
+72
+78
166
+56
+47
167
+57
+71
168
+86
+78
169
+19
+96
170
+81
+91
171
+90
+25
172
+57
+99
173
+32
+52
174
+62
+84
175
+74
+21
176
+75
+11
177
+29
+97
178
+49
+80
179
+95
+88
180
+91
+13
181
+27
+96
182
+48
+93
183
+50
+69
184
+55
+78
185
+71
+29
186
+86
+72
187
+82
+29
188
+73
+21
189
+36
+68
190
+94
+91
191
+80
+79
192
+69
+96
193
+31
+99
194
+57
+69
195
+94
+52
196
+71
+26
197
+99
+37
198
+59
+44
199
+29
+26
200
+93
+34
201
+81
+26
202
+36
+90
203
+78
+46
204
+42
+14
205
+42
+88
206
+23
+95
207
+85
+61
208
+43
+68
209
+33
+56
210
+20
+76
211
+50
+23
212
+100
+48
213
+14
+52
214
+25
+61
215
+88
+40
216
+36
+32
217
+10
+39
218
+80
+72
219
+33
+53
220
+77
+89
221
+55
+55
222
+74
+82
223
+27
+22
224
+36
+75
225
+30
+90
226
+23
+35
227
+42
+61
228
+43
+90
229
+88
+73
230
+37
+85
231
+13
+53
232
+42
+12
233
+60
+18
234
+31
+19
235
+84
+13
236
+75
+67
237
+80
+89
238
+14
+72
239
+18
+99
240
+71
+58
241
+73
+45
242
+17
+100
243
+60
+14
244
+30
+38
245
+80
+22
246
+60
+68
247
+30
+17
248
+75
+92
249
+53
+42
250
+74
+85
251
+52
+29
252
+20
+96
253
+95
+94
254
+22
+88
255
+21
+40
256
+44
+24
257
+19
+10
258
+30
+60
259
+50
+77
260
+64
+42
261
+98
+73
262
+48
+96
263
+64
+25
264
+75
+89
265
+74
+19
266
+77
+39
267
+32
+24
268
+46
+29
269
+47
+43
270
+84
+25
271
+95
+18
272
+15
+66
273
+74
+29
274
+58
+42
275
+45
+65
276
+38
+26
277
+33
+98
278
+19
+60
279
+12
+63
280
+34
+71
281
+66
+72
282
+80
+88
283
+60
+62
284
+82
+70
285
+46
+73
286
+76
+42
287
+97
+98
288
+29
+49
289
+36
+61
290
+85
+42
291
+40
+25
292
+24
+12
293
+33
+34
294
+63
+94
295
+38
+84
296
+28
+84
297
+59
+54
298
+10
+41
299
+97
+100
300
+42
+34
301
+96
+27
302
+29
+82
303
+19
+56
304
+95
+15
305
+56
+19
306
+68
+56
307
+98
+97
308
+43
+55
309
+32
+70
310
+61
+45
311
+78
+35
312
+27
+61
313
+61
+62
314
+27
+62
315
+57
+70
316
+82
+66
317
+75
+84
318
+37
+63
319
+31
+74
320
+29
+56
321
+93
+95
322
+28
+45
323
+91
+16
324
+22
+42
325
+52
+18
326
+56
+12
327
+72
+19
328
+53
+96
329
+41
+76
330
+22
+88
331
+22
+64
332
+62
+37
333
+36
+30
334
+95
+72
335
+93
+71
336
+74
+72
337
+66
+64
338
+58
+31
339
+42
+38
340
+27
+84
341
+68
+20
342
+67
+54
343
+15
+93
344
+14
+69
345
+66
+55
346
+16
+58
347
+46
+58
348
+92
+38
349
+72
+13
350
+61
+76
351
+60
+24
352
+86
+36
353
+52
+53
354
+50
+28
355
+35
+41
356
+37
+98
357
+44
+23
358
+91
+51
359
+53
+56
360
+76
+29
361
+56
+28
362
+38
+64
363
+80
+11
364
+85
+79
365
+19
+37
366
+55
+25
367
+22
+51
368
+85
+62
369
+26
+93
370
+51
+29
371
+60
+60
372
+75
+66
373
+12
+37
374
+90
+19
375
+47
+15
376
+25
+86
377
+20
+81
378
+71
+75
379
+36
+42
380
+13
+26
381
+21
+26
382
+98
+17
383
+49
+82
384
+55
+78
385
+23
+74
386
+88
+80
387
+60
+30
388
+71
+31
389
+84
+43
390
+34
+51
391
+13
+76
392
+66
+56
393
+32
+22
394
+88
+38
395
+88
+55
396
+26
+25
397
+37
+44
398
+81
+42
399
+25
+29
400
+71
+70
401
+51
+55
402
+65
+32
403
+65
+14
404
+93
+36
405
+51
+95
406
+20
+44
407
+40
+42
408
+14
+11
409
+43
+78
410
+18
+71
411
+31
+28
412
+33
+82
413
+78
+35
414
+53
+77
415
+52
+48
416
+70
+97
417
+28
+74
418
+53
+75
419
+77
+82
420
+27
+70
421
+60
+51
422
+46
+40
423
+11
+47
424
+41
+96
425
+79
+99
426
+79
+70
427
+63
+99
428
+47
+99
429
+61
+21
430
+36
+61
431
+63
+77
432
+73
+93
433
+94
+68
434
+100
+100
435
+75
+73
436
+76
+45
437
+58
+99
438
+91
+65
439
+50
+42
440
+17
+43
441
+64
+83
442
+62
+22
443
+22
+25
444
+46
+55
445
+54
+97
446
+54
+11
447
+27
+48
448
+70
+82
449
+100
+20
450
+57
+80
451
+94
+18
452
+72
+86
453
+49
+42
454
+13
+33
455
+88
+23
456
+54
+42
457
+57
+14
458
+32
+54
459
+88
+77
460
+64
+74
461
+90
+56
462
+83
+10
463
+91
+61
464
+36
+44
465
+71
+82
466
+100
+34
467
+71
+81
468
+96
+44
469
+21
+27
470
+93
+10
471
+33
+68
472
+72
+71
473
+23
+33
474
+23
+93
475
+30
+46
476
+41
+89
477
+12
+34
478
+87
+24
479
+18
+65
480
+97
+40
481
+88
+17
482
+26
+67
483
+14
+46
484
+19
+17
485
+20
+89
486
+70
+49
487
+31
+57
488
+46
+87
489
+77
+75
490
+53
+48
491
+80
+81
492
+55
+82
493
+86
+50
494
+94
+93
495
+79
+28
496
+90
+18
497
+27
+34
498
+71
+77
499
+77
+36
500
+66
+78
501
+10
+55
502
+95
+79
503
+39
+94
504
+35
+22
505
+45
+57
506
+22
+77
507
+55
+16
508
+10
+42
509
+21
+11
510
+30
+54
511
+83
+58
512
+97
+60
513
+10
+23
514
+64
+19
515
+36
+69
516
+52
+97
517
+67
+95
518
+19
+19
519
+70
+11
520
+64
+48
521
+83
+44
522
+73
+41
523
+38
+28
524
+28
+79
525
+41
+77
526
+43
+63
527
+72
+51
528
+99
+84
529
+61
+47
530
+26
+21
531
+92
+38
532
+65
+96
533
+97
+85
534
+54
+28
535
+23
+73
536
+39
+59
537
+56
+93
538
+68
+40
539
+93
+16
540
+51
+48
541
+78
+15
542
+29
+10
543
+77
+76
544
+22
+49
545
+86
+53
546
+13
+91
547
+62
+13
548
+66
+92
549
+62
+49
550
+96
+62
551
+66
+54
552
+40
+93
553
+86
+45
554
+15
+89
555
+70
+27
556
+61
+24
557
+25
+29
558
+82
+24
559
+23
+87
560
+85
+76
561
+34
+57
562
+77
+34
563
+24
+20
564
+80
+61
565
+87
+89
566
+37
+56
567
+42
+71
568
+25
+92
569
+89
+87
570
+85
+54
571
+69
+79
572
+47
+66
573
+53
+28
574
+51
+19
575
+65
+96
576
+92
+95
577
+52
+58
578
+53
+77
579
+100
+71
580
+45
+52
581
+87
+13
582
+93
+11
583
+76
+50
584
+20
+56
585
+37
+10
586
+74
+73
587
+85
+86
588
+54
+38
589
+21
+77
590
+93
+94
591
+77
+10
592
+17
+85
593
+63
+23
594
+54
+81
595
+61
+65
596
+34
+14
597
+45
+66
598
+19
+92
599
+52
+50
600
+35
+43
601
+76
+59
602
+99
+82
603
+69
+20
604
+97
+47
605
+41
+38
606
+78
+14
607
+92
+66
608
+68
+99
609
+47
+75
610
+35
+48
611
+70
+71
612
+94
+26
613
+24
+84
614
+73
+75
615
+53
+49
616
+44
+15
617
+47
+77
618
+75
+67
619
+75
+26
620
+93
+88
621
+15
+26
622
+39
+14
623
+13
+49
624
+95
+94
625
+75
+53
626
+62
+58
627
+21
+13
628
+78
+83
629
+56
+89
630
+58
+71
631
+12
+58
632
+19
+78
633
+46
+63
634
+16
+12
635
+19
+29
636
+10
+32
637
+96
+44
638
+76
+14
639
+16
+56
640
+86
+72
641
+87
+40
642
+62
+62
643
+61
+15
644
+96
+47
645
+46
+58
646
+94
+86
647
+45
+16
648
+59
+60
649
+52
+86
650
+56
+50
651
+63
+44
652
+77
+21
653
+66
+53
654
+76
+91
655
+61
+87
656
+96
+22
657
+12
+91
658
+31
+13
659
+17
+58
660
+37
+43
661
+86
+57
662
+29
+14
663
+58
+75
664
+93
+21
665
+28
+21
666
+46
+12
667
+89
+37
668
+42
+72
669
+31
+17
670
+100
+28
671
+81
+29
672
+82
+98
673
+12
+74
674
+53
+100
675
+69
+18
676
+48
+71
677
+44
+15
678
+36
+73
679
+20
+100
680
+15
+94
681
+79
+78
682
+98
+87
683
+34
+60
684
+85
+78
685
+78
+45
686
+83
+57
687
+87
+89
688
+53
+57
689
+75
+89
690
+65
+33
691
+35
+14
692
+79
+23
693
+37
+41
694
+82
+29
695
+68
+49
696
+40
+47
697
+42
+69
698
+19
+54
699
+13
+45
700
+100
+18
701
+88
+46
702
+29
+92
703
+62
+29
704
+11
+82
705
+48
+37
706
+21
+55
707
+26
+78
708
+41
+52
709
+83
+33
710
+47
+57
711
+27
+93
712
+32
+42
713
+71
+73
714
+56
+51
715
+12
+80
716
+33
+23
717
+17
+82
718
+25
+38
719
+50
+12
720
+18
+85
721
+33
+62
722
+93
+90
723
+85
+90
724
+20
+80
725
+66
+43
726
+17
+45
727
+78
+33
728
+77
+61
729
+28
+53
730
+44
+18
731
+77
+66
732
+93
+14
733
+76
+29
734
+23
+39
735
+89
+23
736
+97
+32
737
+17
+42
738
+82
+65
739
+18
+19
740
+63
+35
741
+53
+11
742
+100
+49
743
+19
+36
744
+68
+65
745
+40
+22
746
+21
+24
747
+80
+33
748
+89
+82
749
+70
+66
750
+63
+48
