2 100

+2732
1
+94
+57
2
+74
+94
3
+77
+59
4
+74
+83
5
+29
+82
6
+11
+91
7
+73
+42
8
+80
+84
9
+81
+85
10
+82
+18
11
+75
+94
12
+42
+18
13
+44
+31
14
+57
+27
15
+20
+31
16
+20
+42
17
+99
+58
18
+95
+57
19
+52
+55
20
+81
+97
21
+68
+79
22
+16
+10
23
+79
+34
24
+30
+100
25
+16
+98
26
+90
+45
27
+21
+19
28
+49
+77
29
+70
+56
30
+78
+25
31
+77
+60
32
+21
+22
33
+84
+84
34
+19
+89
35
+65
+12
36
+38
+46
37
+25
+20
38
+43
+85
39
+99
+42
40
+75
+94
41
+80
+20
42
+10
+65
43
+44
+27
44
+26
+34
45
+21
+27
46
+74
+91
47
+20
+17
48
+22
+56
49
+81
+23
50
+89
+89
51
+15
+18
52
+35
+11
53
+24
+91
54
+16
+79
55
+43
+14
56
+75
+99
57
+25
+45
58
+76
+73
59
+48
+81
60
+75
+96
61
+15
+51
62
+23
+96
63
+10
+63
64
+81
+40
65
+81
+93
66
+67
+87
67
+58
+71
68
+77
+54
69
+49
+74
70
+16
+15
71
+65
+32
72
+74
+57
73
+14
+70
74
+41
+62
75
+74
+12
76
+74
+71
77
+17
+57
78
+12
+97
79
+95
+48
80
+29
+33
81
+75
+42
82
+61
+15
83
+59
+39
84
+37
+91
85
+75
+17
86
+90
+63
87
+17
+81
88
+79
+49
89
+15
+60
90
+88
+90
91
+76
+87
92
+93
+25
93
+98
+15
94
+80
+30
95
+33
+76
96
+39
+76
97
+96
+53
98
+71
+59
99
+39
+40
100
+49
+59

+2753
1
+55
+20
2
+10
+19
3
+97
+20
4
+73
+66
5
+69
+48
6
+23
+100
7
+62
+13
8
+47
+87
9
+90
+62
10
+62
+73
11
+96
+53
12
+88
+79
13
+95
+17
14
+61
+93
15
+94
+78
16
+16
+22
17
+91
+85
18
+61
+86
19
+27
+56
20
+18
+56
21
+96
+44
22
+77
+86
23
+14
+94
24
+36
+93
25
+17
+57
26
+56
+31
27
+83
+20
28
+41
+35
29
+52
+70
30
+69
+79
31
+97
+58
32
+45
+24
33
+94
+84
34
+45
+12
35
+47
+17
36
+28
+43
37
+82
+35
38
+13
+47
39
+82
+92
40
+39
+38
41
+28
+93
42
+41
+50
43
+55
+27
44
+12
+100
45
+50
+36
46
+32
+30
47
+97
+23
48
+87
+22
49
+36
+56
50
+11
+73
51
+20
+55
52
+37
+32
53
+87
+75
54
+91
+42
55
+19
+82
56
+22
+80
57
+89
+55
58
+54
+48
59
+20
+93
60
+78
+28
61
+52
+26
62
+35
+42
63
+18
+96
64
+96
+93
65
+54
+16
66
+10
+39
67
+39
+46
68
+17
+80
69
+51
+24
70
+40
+87
71
+25
+37
72
+84
+73
73
+54
+81
74
+31
+38
75
+97
+98
76
+37
+13
77
+63
+91
78
+39
+85
79
+60
+17
80
+87
+59
81
+63
+58
82
+37
+56
83
+13
+93
84
+31
+66
85
+84
+64
86
+90
+17
87
+84
+10
88
+57
+33
89
+21
+28
90
+64
+97
91
+63
+25
92
+21
+42
93
+95
+17
94
+83
+23
95
+81
+37
96
+45
+46
97
+68
+52
98
+89
+33
99
+100
+26
100
+14
+90
