2 500

+13743.5
1
+68
+100
2
+80
+53
3
+93
+48
4
+14
+38
5
+89
+72
6
+15
+70
7
+37
+75
8
+41
+11
9
+76
+87
10
+26
+70
11
+25
+88
12
+93
+32
13
+17
+78
14
+29
+72
15
+53
+83
16
+27
+18
17
+71
+30
18
+26
+12
19
+99
+88
20
+87
+69
21
+12
+39
22
+60
+68
23
+98
+28
24
+93
+33
25
+81
+26
26
+74
+89
27
+17
+31
28
+16
+42
29
+75
+88
30
+84
+87
31
+18
+75
32
+61
+65
33
+49
+45
34
+65
+33
35
+55
+47
36
+23
+40
37
+96
+30
38
+56
+75
39
+30
+25
40
+16
+14
41
+74
+49
42
+63
+66
43
+58
+49
44
+30
+19
45
+82
+42
46
+42
+81
47
+43
+50
48
+72
+47
49
+22
+67
50
+15
+54
51
+64
+75
52
+22
+75
53
+10
+86
54
+36
+82
55
+25
+47
56
+62
+63
57
+82
+35
58
+43
+76
59
+50
+50
60
+41
+54
61
+60
+25
62
+90
+83
63
+28
+25
64
+17
+19
65
+26
+31
66
+92
+10
67
+17
+37
68
+93
+18
69
+36
+59
70
+83
+85
71
+67
+72
72
+89
+67
73
+19
+38
74
+62
+57
75
+64
+39
76
+49
+95
77
+14
+12
78
+41
+27
79
+47
+97
80
+34
+75
81
+24
+10
82
+52
+54
83
+60
+39
84
+29
+50
85
+67
+35
86
+88
+32
87
+20
+35
88
+24
+95
89
+39
+73
90
+44
+42
91
+62
+52
92
+25
+76
93
+83
+34
94
+38
+82
95
+25
+71
96
+29
+56
97
+96
+54
98
+92
+63
99
+53
+74
100
+69
+40
101
+57
+100
102
+91
+45
103
+83
+41
104
+54
+83
105
+97
+48
106
+75
+20
107
+52
+34
108
+89
+24
109
+41
+19
110
+25
+30
111
+91
+72
112
+89
+14
113
+83
+29
114
+16
+73
115
+84
+25
116
+51
+44
117
+34
+31
118
+21
+38
119
+97
+88
120
+52
+39
121
+43
+33
122
+26
+56
123
+37
+89
124
+78
+80
125
+95
+53
126
+17
+100
127
+37
+35
128
+67
+86
129
+98
+14
130
+42
+85
131
+65
+40
132
+64
+63
133
+17
+26
134
+62
+73
135
+24
+45
136
+71
+57
137
+58
+72
138
+39
+23
139
+85
+17
140
+69
+41
141
+47
+17
142
+87
+23
143
+33
+71
144
+13
+33
145
+35
+21
146
+22
+92
147
+29
+22
148
+10
+12
149
+78
+11
150
+20
+22
151
+20
+51
152
+32
+96
153
+17
+12
154
+40
+16
155
+53
+42
156
+43
+13
157
+62
+34
158
+17
+76
159
+100
+42
160
+18
+35
161
+40
+90
162
+56
+55
163
+29
+80
164
+16
+31
165
+74
+50
166
+17
+97
167
+14
+15
168
+25
+10
169
+70
+20
170
+13
+50
171
+58
+24
172
+18
+99
173
+85
+38
174
+34
+41
175
+85
+16
176
+64
+67
177
+59
+80
178
+33
+99
179
+65
+90
180
+22
+94
181
+51
+14
182
+78
+28
183
+99
+21
184
+28
+78
185
+61
+78
186
+29
+81
187
+100
+60
188
+23
+15
189
+44
+15
190
+59
+38
191
+66
+97
192
+32
+85
193
+17
+84
194
+93
+49
195
+36
+80
196
+21
+18
197
+100
+27
198
+28
+60
199
+81
+47
200
+85
+21
201
+75
+58
202
+35
+79
203
+59
+47
204
+46
+78
205
+24
+35
206
+68
+94
207
+12
+26
208
+36
+14
209
+83
+14
210
+90
+74
211
+93
+94
212
+99
+72
213
+30
+83
214
+20
+71
215
+89
+24
216
+16
+78
217
+97
+54
218
+43
+57
219
+75
+34
220
+57
+55
221
+88
+38
222
+28
+14
223
+58
+43
224
+91
+49
225
+44
+91
226
+27
+39
227
+69
+17
228
+23
+50
229
+64
+83
230
+99
+82
231
+78
+66
232
+28
+19
233
+74
+81
234
+55
+95
235
+72
+46
236
+84
+23
237
+100
+47
238
+70
+50
239
+25
+16
240
+79
+73
241
+21
+81
242
+64
+86
243
+84
+12
244
+93
+79
245
+55
+74
246
+19
+95
247
+28
+74
248
+69
+22
249
+34
+23
250
+40
+97
251
+52
+13
252
+59
+76
253
+73
+49
254
+26
+39
255
+100
+66
256
+70
+32
257
+35
+94
258
+67
+17
259
+31
+25
260
+39
+92
261
+13
+79
262
+46
+88
263
+32
+99
264
+15
+82
265
+75
+97
266
+29
+82
267
+80
+87
268
+59
+78
269
+98
+21
270
+58
+92
271
+64
+98
272
+92
+50
273
+75
+15
274
+70
+28
275
+39
+82
276
+17
+85
277
+98
+15
278
+73
+23
279
+44
+89
280
+65
+80
281
+76
+66
282
+55
+89
283
+26
+60
284
+53
+48
285
+55
+83
286
+46
+36
287
+49
+94
288
+57
+38
289
+97
+90
290
+86
+53
291
+69
+91
292
+86
+24
293
+97
+57
294
+56
+17
295
+75
+56
296
+28
+49
297
+88
+93
298
+98
+19
299
+74
+48
300
+83
+97
301
+79
+78
302
+24
+89
303
+76
+12
304
+39
+54
305
+59
+67
306
+87
+58
307
+37
+15
308
+85
+42
309
+32
+52
310
+100
+81
311
+59
+84
312
+68
+85
313
+42
+77
314
+38
+34
315
+62
+54
316
+75
+20
317
+86
+87
318
+92
+30
319
+38
+55
320
+95
+66
321
+52
+71
322
+36
+42
323
+12
+82
324
+14
+66
325
+97
+46
326
+27
+92
327
+64
+56
328
+39
+98
329
+38
+60
330
+19
+71
331
+44
+71
332
+92
+59
333
+86
+80
334
+59
+58
335
+83
+42
336
+82
+90
337
+83
+61
338
+49
+76
339
+61
+43
340
+31
+95
341
+93
+30
342
+96
+11
343
+34
+85
344
+54
+43
345
+44
+61
346
+50
+73
347
+66
+64
348
+34
+45
349
+48
+12
350
+73
+60
351
+81
+49
352
+89
+28
353
+97
+24
354
+46
+45
355
+24
+69
356
+98
+89
357
+73
+87
358
+62
+53
359
+14
+16
360
+31
+43
361
+19
+84
362
+31
+34
363
+65
+49
364
+17
+84
365
+98
+69
366
+71
+20
367
+39
+31
368
+10
+59
369
+62
+82
370
+100
+60
371
+92
+50
372
+68
+13
373
+64
+78
374
+47
+29
375
+90
+97
376
+13
+35
377
+74
+10
378
+29
+23
379
+26
+51
380
+56
+72
381
+75
+77
382
+67
+61
383
+45
+16
384
+89
+29
385
+63
+50
386
+77
+46
387
+83
+19
388
+23
+57
389
+72
+42
390
+52
+15
391
+54
+38
392
+57
+85
393
+38
+64
394
+83
+74
395
+28
+40
396
+50
+59
397
+74
+87
398
+54
+12
399
+66
+79
400
+86
+67
401
+96
+12
402
+90
+83
403
+39
+85
404
+27
+32
405
+90
+67
406
+57
+68
407
+65
+49
408
+88
+81
409
+72
+96
410
+30
+32
411
+15
+78
412
+67
+64
413
+50
+44
414
+83
+47
415
+44
+46
416
+84
+66
417
+41
+36
418
+69
+35
419
+87
+77
420
+55
+99
421
+70
+36
422
+10
+16
423
+51
+64
424
+11
+47
425
+31
+87
426
+41
+79
427
+18
+13
428
+46
+19
429
+59
+68
430
+97
+49
431
+95
+29
432
+81
+22
433
+18
+44
434
+81
+31
435
+64
+49
436
+34
+19
437
+38
+10
438
+20
+56
439
+98
+52
440
+78
+84
441
+28
+31
442
+83
+93
443
+31
+29
444
+87
+78
445
+25
+50
446
+18
+59
447
+29
+62
448
+42
+53
449
+43
+66
450
+88
+77
451
+31
+35
452
+52
+95
453
+23
+23
454
+99
+81
455
+17
+90
456
+52
+99
457
+79
+53
458
+26
+32
459
+21
+27
460
+99
+21
461
+29
+56
462
+27
+86
463
+81
+63
464
+85
+13
465
+20
+76
466
+15
+69
467
+60
+74
468
+100
+29
469
+76
+57
470
+40
+40
471
+31
+26
472
+50
+54
473
+57
+93
474
+59
+95
475
+44
+52
476
+48
+59
477
+55
+38
478
+70
+30
479
+21
+97
480
+34
+84
481
+84
+52
482
+67
+70
483
+79
+55
484
+33
+82
485
+72
+27
486
+66
+49
487
+77
+57
488
+56
+79
489
+20
+55
490
+98
+10
491
+25
+50
492
+65
+23
493
+46
+98
494
+100
+37
495
+45
+33
496
+60
+64
497
+17
+13
498
+28
+92
499
+22
+46
500
+61
+13

+13357
1
+55
+59
2
+18
+31
3
+80
+75
4
+62
+83
5
+75
+92
6
+97
+17
7
+54
+22
8
+70
+65
9
+11
+45
10
+44
+67
11
+55
+64
12
+35
+77
13
+86
+63
14
+58
+72
15
+43
+96
16
+12
+32
17
+16
+12
18
+75
+43
19
+11
+59
20
+12
+73
21
+51
+69
22
+20
+80
23
+100
+57
24
+53
+65
25
+53
+34
26
+61
+41
27
+27
+23
28
+79
+67
29
+19
+17
30
+77
+81
31
+18
+29
32
+37
+24
33
+35
+57
34
+43
+59
35
+96
+36
36
+13
+92
37
+89
+11
38
+51
+28
39
+39
+10
40
+70
+58
41
+48
+15
42
+24
+34
43
+86
+72
44
+18
+33
45
+49
+18
46
+14
+81
47
+78
+38
48
+17
+74
49
+79
+92
50
+48
+93
51
+10
+22
52
+67
+86
53
+75
+99
54
+17
+39
55
+66
+17
56
+76
+32
57
+36
+100
58
+73
+19
59
+62
+73
60
+20
+45
61
+39
+99
62
+26
+16
63
+44
+91
64
+53
+23
65
+82
+75
66
+17
+61
67
+20
+14
68
+61
+72
69
+22
+30
70
+67
+97
71
+91
+77
72
+76
+79
73
+28
+93
74
+22
+34
75
+41
+43
76
+50
+51
77
+75
+83
78
+72
+71
79
+96
+38
80
+63
+88
81
+53
+40
82
+57
+34
83
+28
+65
84
+27
+39
85
+25
+42
86
+52
+60
87
+78
+80
88
+70
+62
89
+30
+51
90
+49
+93
91
+84
+87
92
+41
+78
93
+80
+51
94
+90
+59
95
+91
+89
96
+30
+62
97
+59
+80
98
+43
+68
99
+77
+27
100
+74
+37
101
+64
+58
102
+83
+33
103
+88
+86
104
+21
+97
105
+15
+24
106
+30
+95
107
+49
+93
108
+12
+34
109
+99
+66
110
+87
+23
111
+71
+66
112
+86
+20
113
+70
+86
114
+23
+85
115
+97
+14
116
+33
+19
117
+86
+78
118
+67
+22
119
+46
+40
120
+57
+98
121
+22
+28
122
+84
+19
123
+38
+96
124
+43
+86
125
+72
+64
126
+49
+98
127
+41
+17
128
+77
+92
129
+22
+97
130
+16
+98
131
+100
+97
132
+43
+76
133
+33
+78
134
+56
+92
135
+30
+30
136
+98
+56
137
+68
+43
138
+43
+70
139
+44
+37
140
+77
+90
141
+16
+56
142
+20
+12
143
+88
+82
144
+100
+17
145
+20
+70
146
+27
+80
147
+65
+62
148
+72
+29
149
+91
+14
150
+18
+99
151
+33
+46
152
+55
+22
153
+53
+49
154
+81
+94
155
+47
+19
156
+67
+72
157
+19
+30
158
+34
+23
159
+76
+97
160
+49
+70
161
+42
+84
162
+40
+92
163
+40
+43
164
+34
+19
165
+48
+89
166
+38
+66
167
+86
+39
168
+67
+23
169
+46
+94
170
+63
+80
171
+73
+97
172
+28
+30
173
+33
+43
174
+92
+17
175
+45
+64
176
+51
+39
177
+44
+34
178
+82
+57
179
+55
+45
180
+27
+82
181
+43
+20
182
+38
+88
183
+33
+59
184
+85
+59
185
+88
+88
186
+32
+73
187
+55
+46
188
+18
+38
189
+16
+34
190
+91
+11
191
+85
+49
192
+45
+60
193
+59
+65
194
+92
+77
195
+28
+70
196
+12
+50
197
+20
+74
198
+76
+39
199
+56
+14
200
+31
+39
201
+17
+25
202
+92
+43
203
+71
+81
204
+23
+52
205
+70
+24
206
+80
+15
207
+12
+80
208
+34
+44
209
+100
+28
210
+78
+41
211
+15
+72
212
+52
+91
213
+55
+12
214
+90
+55
215
+43
+63
216
+83
+90
217
+92
+66
218
+44
+78
219
+95
+22
220
+50
+88
221
+82
+74
222
+79
+28
223
+60
+94
224
+88
+93
225
+52
+91
226
+10
+84
227
+83
+97
228
+63
+72
229
+44
+38
230
+17
+66
231
+19
+92
232
+21
+60
233
+28
+68
234
+31
+89
235
+75
+22
236
+33
+60
237
+38
+73
238
+17
+93
239
+78
+91
240
+79
+84
241
+63
+72
242
+26
+53
243
+67
+68
244
+39
+52
245
+32
+67
246
+25
+77
247
+31
+26
248
+71
+50
249
+37
+38
250
+100
+47
251
+21
+53
252
+43
+33
253
+49
+53
254
+51
+60
255
+79
+36
256
+27
+53
257
+77
+18
258
+54
+49
259
+62
+62
260
+51
+19
261
+40
+67
262
+91
+58
263
+57
+60
264
+50
+50
265
+49
+70
266
+68
+70
267
+14
+31
268
+44
+60
269
+38
+14
270
+51
+37
271
+39
+65
272
+26
+25
273
+88
+43
274
+93
+34
275
+51
+47
276
+41
+59
277
+80
+79
278
+72
+47
279
+87
+89
280
+59
+11
281
+63
+42
282
+20
+87
283
+39
+50
284
+70
+67
285
+92
+51
286
+39
+97
287
+28
+22
288
+58
+77
289
+89
+56
290
+45
+77
291
+82
+60
292
+45
+53
293
+35
+49
294
+84
+71
295
+66
+80
296
+59
+55
297
+45
+82
298
+19
+91
299
+23
+11
300
+26
+64
301
+86
+18
302
+31
+16
303
+74
+72
304
+75
+92
305
+44
+50
306
+23
+14
307
+99
+23
308
+50
+34
309
+27
+57
310
+99
+35
311
+20
+55
312
+76
+99
313
+36
+25
314
+83
+43
315
+93
+45
316
+92
+10
317
+52
+55
318
+98
+17
319
+93
+20
320
+15
+24
321
+63
+70
322
+67
+30
323
+100
+20
324
+41
+15
325
+15
+77
326
+22
+90
327
+28
+20
328
+52
+41
329
+68
+35
330
+55
+86
331
+46
+90
332
+47
+63
333
+97
+69
334
+18
+98
335
+71
+78
336
+68
+69
337
+76
+55
338
+74
+10
339
+65
+17
340
+37
+72
341
+72
+67
342
+53
+16
343
+77
+66
344
+58
+13
345
+28
+15
346
+100
+48
347
+34
+49
348
+17
+49
349
+30
+63
350
+84
+76
351
+59
+88
352
+19
+48
353
+57
+95
354
+28
+14
355
+44
+52
356
+85
+85
357
+99
+48
358
+46
+13
359
+31
+43
360
+69
+44
361
+82
+78
362
+92
+12
363
+13
+87
364
+86
+68
365
+85
+80
366
+41
+89
367
+12
+47
368
+15
+99
369
+54
+91
370
+64
+59
371
+67
+44
372
+68
+78
373
+34
+23
374
+75
+75
375
+76
+90
376
+19
+60
377
+86
+54
378
+62
+29
379
+80
+77
380
+72
+93
381
+32
+76
382
+45
+86
383
+22
+27
384
+88
+92
385
+16
+86
386
+26
+63
387
+44
+70
388
+65
+79
389
+100
+56
390
+23
+89
391
+48
+26
392
+22
+39
393
+58
+42
394
+29
+50
395
+50
+30
396
+22
+85
397
+55
+42
398
+61
+64
399
+81
+53
400
+48
+40
401
+41
+12
402
+94
+94
403
+48
+19
404
+23
+63
405
+19
+96
406
+20
+97
407
+91
+19
408
+76
+31
409
+85
+10
410
+70
+11
411
+81
+48
412
+65
+66
413
+68
+69
414
+20
+12
415
+57
+68
416
+58
+35
417
+15
+71
418
+59
+12
419
+43
+10
420
+58
+100
421
+45
+80
422
+79
+35
423
+74
+24
424
+43
+63
425
+42
+77
426
+62
+67
427
+13
+13
428
+23
+28
429
+23
+35
430
+26
+85
431
+77
+51
432
+85
+42
433
+88
+50
434
+58
+46
435
+44
+63
436
+66
+32
437
+32
+92
438
+22
+69
439
+14
+79
440
+60
+52
441
+73
+90
442
+30
+21
443
+64
+69
444
+57
+50
445
+52
+52
446
+56
+32
447
+53
+88
448
+56
+20
449
+13
+89
450
+21
+84
451
+65
+68
452
+28
+59
453
+19
+31
454
+89
+85
455
+11
+13
456
+45
+82
457
+11
+39
458
+89
+80
459
+35
+63
460
+50
+75
461
+84
+51
462
+69
+47
463
+70
+23
464
+59
+63
465
+67
+44
466
+47
+31
467
+91
+90
468
+86
+80
469
+86
+18
470
+43
+49
471
+24
+80
472
+89
+12
473
+23
+65
474
+29
+84
475
+71
+76
476
+29
+51
477
+11
+98
478
+100
+27
479
+93
+70
480
+85
+91
481
+63
+92
482
+15
+29
483
+62
+64
484
+53
+57
485
+42
+79
486
+82
+61
487
+18
+55
488
+59
+49
489
+98
+45
490
+11
+27
491
+39
+98
492
+90
+58
493
+63
+86
494
+65
+26
495
+66
+33
496
+80
+56
497
+38
+42
498
+64
+94
499
+23
+24
500
+42
+21
