2 250

+6536
1
+100
+79
2
+49
+25
3
+54
+99
4
+12
+41
5
+78
+94
6
+30
+75
7
+65
+40
8
+31
+59
9
+90
+95
10
+50
+99
11
+80
+95
12
+84
+93
13
+53
+74
14
+72
+83
15
+94
+14
16
+60
+89
17
+74
+41
18
+58
+53
19
+17
+75
20
+24
+70
21
+45
+49
22
+19
+19
23
+33
+84
24
+39
+16
25
+91
+25
26
+69
+66
27
+48
+68
28
+56
+79
29
+84
+16
30
+66
+93
31
+60
+14
32
+95
+20
33
+49
+99
34
+63
+93
35
+22
+100
36
+71
+56
37
+83
+62
38
+36
+69
39
+15
+91
40
+64
+52
41
+28
+86
42
+49
+43
43
+41
+76
44
+14
+45
45
+17
+21
46
+28
+57
47
+65
+45
48
+27
+41
49
+65
+58
50
+28
+33
51
+21
+68
52
+17
+22
53
+33
+66
54
+68
+83
55
+51
+50
56
+91
+64
57
+97
+35
58
+28
+42
59
+91
+33
60
+82
+66
61
+54
+38
62
+12
+57
63
+47
+69
64
+33
+90
65
+30
+79
66
+65
+89
67
+56
+28
68
+57
+70
69
+91
+38
70
+88
+71
71
+77
+46
72
+99
+41
73
+29
+49
74
+23
+43
75
+39
+36
76
+86
+68
77
+12
+92
78
+85
+33
79
+22
+84
80
+64
+90
81
+33
+22
82
+95
+93
83
+32
+92
84
+10
+89
85
+44
+47
86
+56
+23
87
+86
+13
88
+38
+11
89
+72
+34
90
+10
+11
91
+57
+60
92
+30
+82
93
+28
+10
94
+92
+16
95
+68
+81
96
+54
+20
97
+34
+85
98
+93
+52
99
+35
+92
100
+41
+31
101
+46
+24
102
+82
+83
103
+66
+76
104
+15
+15
105
+89
+38
106
+70
+63
107
+46
+32
108
+43
+99
109
+60
+39
110
+36
+97
111
+63
+28
112
+18
+42
113
+67
+80
114
+13
+21
115
+12
+99
116
+94
+11
117
+19
+91
118
+65
+24
119
+59
+45
120
+28
+28
121
+91
+89
122
+37
+31
123
+24
+81
124
+86
+78
125
+23
+48
126
+100
+72
127
+38
+36
128
+21
+77
129
+42
+84
130
+58
+40
131
+91
+65
132
+26
+43
133
+69
+49
134
+72
+23
135
+89
+82
136
+34
+41
137
+84
+22
138
+30
+67
139
+24
+96
140
+62
+58
141
+20
+56
142
+45
+81
143
+11
+42
144
+24
+55
145
+54
+31
146
+61
+38
147
+14
+33
148
+97
+10
149
+79
+43
150
+65
+84
151
+68
+52
152
+93
+96
153
+54
+92
154
+36
+51
155
+41
+50
156
+62
+63
157
+90
+70
158
+10
+46
159
+58
+30
160
+57
+45
161
+46
+41
162
+85
+15
163
+19
+82
164
+15
+52
165
+15
+25
166
+44
+69
167
+70
+62
168
+17
+26
169
+25
+64
170
+24
+93
171
+37
+78
172
+45
+82
173
+97
+71
174
+85
+65
175
+64
+40
176
+46
+25
177
+74
+20
178
+86
+24
179
+89
+19
180
+12
+10
181
+83
+12
182
+24
+31
183
+40
+22
184
+99
+96
185
+27
+79
186
+28
+31
187
+65
+98
188
+57
+80
189
+66
+10
190
+75
+31
191
+50
+42
192
+42
+99
193
+34
+26
194
+12
+21
195
+59
+83
196
+100
+78
197
+12
+66
198
+61
+54
199
+98
+100
200
+14
+22
201
+68
+48
202
+64
+16
203
+46
+25
204
+87
+97
205
+68
+95
206
+33
+70
207
+43
+22
208
+28
+20
209
+24
+16
210
+25
+17
211
+29
+19
212
+13
+49
213
+59
+90
214
+20
+44
215
+66
+53
216
+84
+18
217
+16
+42
218
+40
+26
219
+69
+87
220
+55
+55
221
+73
+58
222
+85
+32
223
+25
+61
224
+17
+32
225
+81
+10
226
+32
+11
227
+74
+12
228
+90
+61
229
+88
+96
230
+11
+59
231
+98
+94
232
+59
+25
233
+12
+30
234
+93
+70
235
+16
+53
236
+97
+35
237
+37
+54
238
+59
+91
239
+57
+51
240
+16
+20
241
+73
+87
242
+74
+70
243
+65
+50
244
+12
+52
245
+33
+31
246
+28
+43
247
+66
+32
248
+17
+25
249
+88
+40
250
+86
+78

+6489
1
+17
+40
2
+63
+16
3
+65
+42
4
+19
+50
5
+79
+99
6
+11
+12
7
+83
+46
8
+88
+43
9
+29
+97
10
+75
+28
11
+83
+41
12
+47
+15
13
+77
+36
14
+19
+96
15
+43
+69
16
+30
+24
17
+89
+36
18
+70
+21
19
+48
+54
20
+39
+38
21
+17
+43
22
+54
+17
23
+28
+19
24
+73
+48
25
+71
+81
26
+99
+50
27
+50
+28
28
+19
+34
29
+55
+51
30
+25
+98
31
+43
+24
32
+10
+61
33
+49
+11
34
+83
+78
35
+57
+86
36
+41
+89
37
+42
+45
38
+80
+20
39
+33
+16
40
+19
+74
41
+78
+11
42
+61
+92
43
+50
+99
44
+56
+92
45
+58
+15
46
+36
+50
47
+44
+54
48
+82
+30
49
+49
+97
50
+90
+85
51
+46
+19
52
+37
+11
53
+31
+78
54
+98
+73
55
+51
+47
56
+48
+96
57
+14
+47
58
+94
+74
59
+36
+96
60
+58
+19
61
+44
+12
62
+52
+34
63
+65
+78
64
+98
+26
65
+39
+30
66
+22
+95
67
+12
+99
68
+21
+68
69
+17
+84
70
+88
+28
71
+93
+79
72
+16
+61
73
+86
+56
74
+41
+99
75
+10
+95
76
+10
+27
77
+32
+16
78
+45
+38
79
+13
+28
80
+87
+38
81
+39
+85
82
+70
+62
83
+49
+62
84
+45
+18
85
+11
+65
86
+16
+83
87
+55
+65
88
+15
+86
89
+42
+76
90
+80
+55
91
+43
+74
92
+42
+94
93
+31
+80
94
+61
+91
95
+41
+71
96
+21
+20
97
+51
+42
98
+55
+90
99
+43
+100
100
+41
+75
101
+15
+99
102
+76
+32
103
+72
+17
104
+24
+59
105
+32
+10
106
+11
+88
107
+90
+55
108
+78
+95
109
+20
+44
110
+21
+41
111
+11
+69
112
+68
+10
113
+31
+41
114
+18
+83
115
+14
+10
116
+19
+62
117
+65
+75
118
+14
+24
119
+11
+26
120
+83
+55
121
+22
+34
122
+60
+25
123
+90
+60
124
+21
+72
125
+44
+78
126
+93
+64
127
+50
+62
128
+66
+93
129
+41
+97
130
+90
+92
131
+88
+21
132
+63
+36
133
+42
+99
134
+89
+94
135
+50
+65
136
+53
+27
137
+39
+96
138
+64
+69
139
+39
+76
140
+41
+32
141
+33
+75
142
+79
+43
143
+46
+55
144
+39
+77
145
+78
+13
146
+95
+64
147
+56
+65
148
+41
+50
149
+24
+16
150
+68
+73
151
+90
+96
152
+12
+66
153
+10
+43
154
+33
+15
155
+30
+76
156
+72
+58
157
+74
+86
158
+13
+29
159
+71
+26
160
+77
+20
161
+66
+31
162
+30
+26
163
+87
+54
164
+69
+38
165
+16
+75
166
+76
+21
167
+94
+30
168
+33
+93
169
+94
+58
170
+23
+82
171
+92
+92
172
+59
+24
173
+66
+32
174
+99
+34
175
+88
+41
176
+38
+36
177
+54
+25
178
+46
+54
179
+32
+55
180
+76
+77
181
+67
+67
182
+27
+11
183
+15
+56
184
+84
+74
185
+73
+51
186
+84
+32
187
+78
+53
188
+81
+54
189
+56
+92
190
+45
+53
191
+23
+23
192
+59
+34
193
+91
+91
194
+70
+27
195
+86
+25
196
+44
+75
197
+35
+13
198
+83
+65
199
+26
+47
200
+87
+52
201
+57
+51
202
+55
+55
203
+80
+27
204
+22
+78
205
+62
+74
206
+20
+73
207
+47
+85
208
+69
+10
209
+11
+41
210
+38
+70
211
+59
+92
212
+17
+67
213
+35
+30
214
+25
+11
215
+39
+54
216
+58
+34
217
+67
+96
218
+31
+32
219
+83
+87
220
+17
+65
221
+82
+12
222
+53
+39
223
+53
+21
224
+55
+98
225
+81
+24
226
+16
+19
227
+16
+60
228
+39
+77
229
+34
+10
230
+60
+18
231
+95
+96
232
+56
+23
233
+85
+93
234
+82
+19
235
+47
+73
236
+88
+93
237
+100
+16
238
+77
+60
239
+82
+77
240
+75
+54
241
+95
+78
242
+74
+50
243
+84
+94
244
+18
+15
245
+17
+90
246
+17
+54
247
+58
+78
248
+36
+90
249
+60
+36
250
+59
+36
