8
20 5
0 0 0 0 1 0 1 0 1 1 0 0 1 1 1 1 0 0 0 1
1 6 16 0 5 9 11 12 18 19 13 17 2 3 10 15 7 8 14 4
20 5
1 0 0 0 0 1 0 0 0 0 1 1 0 0 1 1 1 0 0 1
14 4 7 5 16 15 2 9 13 18 1 10 3 6 11 12 8 17 0 19
20 5
1 0 0 0 0 0 1 0 0 1 0 1 0 1 0 0 1 0 0 0
10 11 15 6 13 9 0 17 4 5 18 7 12 3 19 2 16 1 8 14
20 5
1 1 1 0 1 0 1 1 1 1 1 0 0 1 0 1 0 1 0 1
18 13 17 16 8 1 9 12 15 2 6 19 7 4 3 14 11 10 0 5
20 5
1 0 0 0 1 0 0 0 1 0 1 0 0 0 0 0 1 0 1 1
3 4 5 6 16 11 10 15 13 0 19 18 9 17 14 8 12 1 2 7
20 5
1 1 1 0 0 0 0 0 0 1 0 1 1 1 1 0 1 1 0 0
8 16 11 4 12 5 9 19 0 14 10 2 15 1 13 6 7 18 17 3
20 5
0 0 1 1 0 0 0 0 0 0 0 1 1 0 0 1 1 1 1 0
1 17 2 14 18 6 8 12 15 4 7 11 10 16 5 9 3 19 13 0
20 5
0 1 0 1 1 1 1 0 1 0 1 0 1 0 0 0 1 1 1 0
5 16 15 6 0 17 8 19 7 3 4 18 11 13 14 12 2 1 10 9
