8
80 5
1 0 0 0 0 1 0 0 0 0 1 1 0 0 1 1 1 0 0 1 1 1 0 0 0 0 1 1 1 1 1 0 0 0 0 0 1 0 0 1 0 1 0 1 0 0 1 0 0 0 1 1 0 0 1 0 1 1 0 0 1 1 1 0 1 0 1 1 1 1 1 0 0 1 0 1 0 1 0 1
70 74 55 29 5 34 21 37 18 19 56 61 26 53 69 39 7 8 43 64 0 57 76 12 6 38 36 25 33 45 13 72 59 77 9 41 79 23 62 73 66 78 22 44 47 51 17 50 35 15 14 65 31 3 40 75 30 63 58 4 52 60 28 11 32 20 67 48 2 10 54 68 27 49 24 42 16 46 1 71
80 5
1 1 1 0 0 0 0 0 0 1 0 1 1 1 1 0 1 1 0 0 0 1 1 1 1 1 1 0 1 0 0 0 1 1 0 0 0 0 0 0 0 1 1 0 0 1 1 1 1 0 0 1 0 1 1 0 0 1 0 1 0 1 0 1 1 1 1 0 1 0 1 0 1 0 0 0 1 1 1 0
50 4 32 31 16 68 22 69 76 0 54 53 73 49 14 33 57 1 2 37 39 13 79 28 6 17 72 41 21 61 11 40 5 8 3 7 36 51 47 18 67 58 38 52 60 43 25 12 74 63 64 35 55 20 19 71 24 42 59 27 23 26 46 75 48 70 56 66 30 29 44 77 78 9 34 62 65 45 15 10
80 5
1 0 0 1 0 1 0 0 0 1 0 0 1 1 1 0 0 0 0 0 1 1 0 1 0 1 0 0 1 1 0 1 1 0 1 0 0 0 1 1 0 0 1 1 1 0 1 1 0 1 1 0 0 1 0 1 0 1 1 0 1 0 0 1 1 1 0 0 1 0 0 1 1 0 0 1 1 1 0 1
32 15 8 16 79 48 19 33 20 58 6 25 18 62 31 17 7 52 36 60 78 21 2 55 28 11 72 35 70 9 26 27 46 64 37 69 3 66 51 1 73 14 38 57 61 45 23 65 71 0 63 24 40 56 50 59 34 49 44 22 13 30 54 5 77 75 43 47 53 4 29 68 67 12 76 10 41 39 42 74
80 5
1 1 0 1 0 1 1 1 1 1 0 0 0 1 1 1 0 0 0 0 1 0 1 0 1 1 0 0 1 0 0 0 0 0 1 0 1 1 1 1 1 0 1 1 0 1 0 1 0 0 0 1 1 1 0 0 1 1 1 0 1 0 1 1 1 1 0 1 0 0 1 0 0 1 0 1 1 0 0 1
51 6 2 77 35 13 49 63 36 34 79 47 65 20 27 0 58 45 61 56 24 60 43 4 10 75 46 59 3 53 74 23 15 52 41 22 37 8 38 7 44 42 39 18 62 50 26 64 29 67 32 31 30 9 14 16 73 71 33 1 76 68 48 69 72 11 17 19 57 5 78 21 25 66 28 12 70 40 55 54
80 5
1 1 1 0 0 0 1 0 1 0 1 1 1 0 1 1 0 1 0 0 1 0 1 0 1 1 1 0 1 0 1 1 1 0 1 0 1 0 1 0 1 1 0 0 0 1 0 0 1 1 0 0 0 0 1 1 0 1 1 1 0 0 0 0 1 0 0 1 0 0 1 1 1 0 0 1 1 0 0 1
29 69 71 41 17 74 43 76 46 56 24 35 40 50 26 45 78 44 25 20 9 75 7 31 62 27 54 33 28 16 12 36 13 60 34 51 32 77 67 1 79 72 8 53 30 73 47 11 68 14 42 49 0 3 23 63 66 55 37 61 64 59 21 19 18 10 70 57 15 6 65 38 48 2 4 58 22 39 52 5
80 5
1 0 1 0 1 1 0 1 1 1 1 1 1 0 1 1 0 0 0 1 0 0 1 0 0 0 0 0 0 0 0 0 1 1 1 0 0 0 0 1 0 1 0 0 0 0 0 1 0 0 1 1 1 1 0 0 0 0 1 1 1 1 1 1 1 1 0 1 0 1 1 1 0 1 1 1 1 1 1 1
37 53 18 66 54 1 17 23 33 50 36 72 49 75 6 0 59 40 78 76 77 19 22 25 63 58 64 12 61 21 15 73 7 74 35 8 39 57 65 29 4 41 60 62 5 16 9 56 30 24 28 52 20 48 13 10 2 47 55 38 27 67 43 45 70 11 44 69 46 3 71 32 68 42 31 79 26 51 14 34
80 5
0 1 1 0 1 1 1 0 1 0 1 1 0 1 0 0 1 1 1 1 1 1 0 0 0 0 1 1 0 1 1 1 1 0 0 1 1 1 1 0 0 0 1 1 1 0 1 0 0 0 1 0 0 0 0 1 1 1 0 0 0 1 1 1 1 0 1 0 1 0 0 0 0 1 0 1 1 0 1 1
44 68 36 57 56 41 32 29 38 43 53 18 14 71 79 33 42 63 54 74 23 76 11 10 70 17 28 51 61 12 1 50 30 73 5 3 52 45 58 78 15 75 69 34 25 67 13 7 40 9 49 16 21 0 77 19 48 4 20 72 65 55 24 26 22 6 35 66 46 27 62 31 2 8 60 59 37 64 47 39
80 5
0 0 1 1 0 1 0 1 1 0 1 1 1 1 1 0 0 1 0 0 1 0 1 1 0 0 1 0 0 0 0 0 0 0 0 1 0 1 0 1 0 1 1 1 1 1 1 0 1 0 0 0 0 0 1 1 0 0 1 1 0 1 1 1 0 0 1 0 1 1 1 1 0 0 1 1 1 0 1 0
25 63 11 4 64 52 76 0 59 15 74 32 45 5 62 6 47 17 19 53 77 20 29 71 34 58 66 16 27 42 48 39 24 26 44 28 41 38 7 67 78 73 60 35 79 37 57 61 65 69 21 72 40 33 3 23 68 54 43 9 31 30 49 70 56 8 18 46 36 14 22 12 10 1 51 75 55 2 13 50
