8
40 5
0 0 1 1 1 1 0 0 0 1 0 1 0 1 1 0 0 0 0 1 1 0 0 0 0 1 0 0 0 0 1 1 0 0 1 1 1 0 0 1
35 24 22 29 5 34 21 37 18 19 30 31 26 3 10 39 7 8 14 32 0 11 16 12 6 38 36 25 33 20 13 27 4 17 9 1 2 23 28 15
40 5
0 1 0 1 0 0 1 0 0 0 1 1 0 0 1 0 1 1 0 0 1 1 1 0 1 0 1 1 1 1 1 0 0 1 0 1 0 1 0 1
26 11 28 6 13 31 0 30 34 5 37 7 27 3 19 35 36 1 8 33 23 21 32 16 29 39 38 12 15 17 24 9 4 14 22 25 20 18 10 2
40 5
1 0 0 0 0 0 1 0 1 1 1 1 1 1 0 1 0 1 0 1 1 1 1 0 0 0 0 0 0 1 0 1 1 1 1 0 1 1 0 0
34 4 32 31 16 30 22 29 23 0 19 20 9 25 14 33 38 1 2 37 39 13 10 28 6 17 15 27 21 26 11 24 5 8 3 7 36 35 12 18
40 5
0 1 1 0 0 1 1 1 1 0 0 1 0 1 1 0 0 1 0 1 0 1 0 1 1 1 1 0 1 0 1 0 1 0 0 0 1 1 1 0
32 25 2 36 18 27 8 38 21 4 20 29 28 35 31 34 3 19 13 26 7 15 23 1 16 17 0 6 33 11 14 5 22 10 39 24 30 37 12 9
40 5
0 0 0 1 0 0 0 0 1 0 0 0 1 1 1 0 0 0 1 0 1 0 0 1 0 1 0 0 0 1 0 0 1 1 1 0 0 0 0 0
32 15 8 16 14 34 19 33 20 30 6 25 18 5 31 17 7 12 36 13 38 21 2 22 28 11 10 35 29 9 26 27 23 39 37 4 3 0 24 1
40 5
0 0 1 1 1 0 1 1 0 1 1 0 0 1 0 1 0 1 1 0 1 0 0 1 1 1 0 0 1 0 0 1 1 0 0 1 1 1 0 1
0 21 29 9 6 27 14 32 34 3 19 30 39 22 31 23 24 35 11 18 25 8 28 4 16 13 36 20 33 26 15 38 2 17 5 37 1 10 12 7
40 5
0 1 1 1 1 1 1 0 0 0 0 1 1 1 1 1 1 0 1 1 1 1 0 1 0 1 1 1 1 1 0 0 0 1 1 1 0 0 0 0
31 6 2 29 35 13 19 5 36 34 14 25 11 20 27 0 33 32 21 17 24 16 18 4 10 12 26 1 3 9 28 23 15 30 39 22 37 8 38 7
40 5
1 0 1 1 0 1 0 1 0 0 0 1 1 1 0 0 1 1 1 0 1 0 1 1 1 1 0 1 0 0 1 0 0 1 0 1 1 0 0 1
18 35 14 25 39 8 19 3 24 1 15 31 16 5 33 10 37 7 0 29 2 32 11 27 23 6 34 9 38 4 22 36 28 12 20 17 30 13 21 26
