8
160 5
0 1 0 1 0 0 1 0 0 0 1 1 0 0 1 0 1 1 0 0 1 1 1 0 1 0 1 1 1 1 1 0 0 1 0 1 0 1 0 1 0 1 0 1 1 1 0 1 0 1 1 0 0 0 1 0 0 0 1 0 1 0 0 0 0 0 1 0 1 1 1 1 1 1 0 1 0 1 0 1 1 1 1 0 0 0 0 0 0 1 0 1 1 1 1 0 1 1 0 0 0 1 1 1 1 1 1 0 1 0 0 0 1 1 0 0 0 0 0 0 0 1 1 0 0 1 1 1 1 0 0 1 0 1 1 0 0 1 0 1 0 1 0 1 1 1 1 0 1 0 1 0 1 0 0 0 1 1 1 0
89 130 146 29 86 116 93 37 128 19 95 84 26 53 148 111 157 8 43 64 104 124 94 97 145 38 135 133 33 45 101 72 59 82 150 41 79 154 62 125 137 139 22 44 144 81 17 50 35 80 129 147 31 114 40 142 155 126 58 4 52 60 121 102 32 20 112 48 2 156 54 68 103 120 24 42 16 46 138 100 15 51 149 122 123 49 5 34 90 70 36 30 9 21 76 56 47 131 18 107 71 13 159 27 152 153 66 113 158 110 87 83 67 140 3 1 109 65 105 73 85 28 39 61 57 119 132 134 98 14 74 151 136 127 25 88 63 106 115 141 12 78 75 7 96 6 55 117 69 77 92 99 0 11 23 108 10 143 91 118
160 5
0 0 1 1 1 0 1 1 0 1 1 0 0 1 0 1 0 1 1 0 1 0 0 1 1 1 0 0 1 0 0 1 1 0 0 1 1 1 0 1 0 1 0 0 1 1 1 1 0 0 1 0 1 1 1 1 1 0 0 1 0 1 1 1 1 1 1 0 0 0 0 1 1 1 1 1 1 0 1 1 1 1 0 1 0 1 1 1 1 1 0 0 0 1 1 1 0 0 0 0 1 0 1 0 1 1 0 0 1 0 0 0 0 0 1 0 1 1 1 1 1 0 1 1 0 1 0 1 0 0 0 1 1 1 0 0 1 1 1 0 1 0 1 1 1 1 0 1 0 0 1 0 0 1 0 1 1 0 0 1
105 15 8 123 137 112 95 119 20 58 6 146 18 133 94 17 7 52 141 60 82 84 89 55 28 11 72 102 70 124 26 27 116 64 140 69 152 154 51 1 73 118 38 57 88 110 23 65 71 103 87 24 157 107 108 153 34 127 44 22 134 135 54 5 104 132 43 145 53 130 117 68 149 12 101 91 138 99 122 74 39 42 78 155 142 37 126 109 61 129 77 10 115 113 31 19 92 144 98 80 16 76 96 0 106 32 90 56 143 121 45 159 48 148 156 93 46 111 83 139 63 120 81 114 151 33 13 158 36 2 4 147 75 62 86 136 97 79 41 125 85 128 21 50 30 47 25 67 35 131 59 9 3 150 66 14 100 40 49 29
160 5
1 1 0 0 0 1 0 0 1 1 0 0 0 0 1 1 0 1 1 1 0 0 0 0 1 0 0 1 0 0 1 1 1 0 0 1 1 0 0 1 0 0 1 0 1 1 1 0 1 0 1 1 1 1 0 0 1 0 0 0 0 1 0 0 0 0 1 0 1 0 1 1 0 0 0 1 0 0 0 0 1 0 1 0 1 1 0 1 1 1 1 1 1 0 1 1 0 0 0 1 0 0 1 0 0 0 0 0 0 0 0 0 1 1 1 0 0 0 0 1 0 1 0 0 0 0 0 1 0 0 1 1 1 1 0 0 0 0 1 1 1 1 1 1 1 1 0 1 0 1 1 1 0 1 1 1 1 1 1 1
138 69 135 41 17 95 43 137 158 56 150 159 88 85 131 45 78 87 25 105 9 75 7 90 62 27 54 33 146 16 12 98 126 125 119 118 32 77 67 1 112 117 103 53 30 73 47 11 92 80 42 122 0 3 23 82 66 55 37 83 64 154 109 114 18 10 115 57 127 6 140 38 48 104 100 58 108 111 155 5 130 70 147 101 84 96 36 102 40 142 31 35 68 99 28 74 148 120 86 20 139 141 44 89 2 93 26 152 151 145 129 128 79 143 19 144 34 72 51 116 24 132 49 110 156 60 149 15 39 52 14 106 65 59 91 71 113 76 29 4 136 124 8 121 107 21 94 63 157 13 97 22 81 133 153 123 61 50 46 134
160 5
0 0 1 1 1 0 1 0 0 0 1 0 0 0 0 1 1 1 0 0 0 1 1 1 1 0 1 0 1 0 0 0 0 1 0 1 1 0 1 1 1 1 1 0 0 1 0 1 0 1 1 0 0 1 1 1 0 1 0 1 0 1 1 1 1 1 0 1 0 0 1 0 0 0 1 1 1 0 0 1 0 0 1 1 0 1 0 1 1 0 1 1 1 1 1 0 0 1 0 0 1 0 1 1 0 0 1 0 0 0 0 0 0 0 0 1 0 1 0 1 0 1 1 1 1 1 1 0 1 0 0 0 0 0 1 1 0 0 1 1 0 1 1 1 0 0 1 0 1 1 1 1 0 0 1 1 1 0 1 0
111 68 36 94 56 41 32 29 38 80 147 18 14 71 79 101 126 63 54 108 23 91 11 10 70 17 87 127 61 104 86 50 130 141 5 146 52 158 58 78 15 98 83 34 115 67 136 128 40 143 135 124 21 0 77 88 93 82 106 84 65 55 24 148 119 114 35 66 145 95 62 96 125 157 139 59 37 64 134 39 142 100 4 69 112 90 1 89 19 122 74 76 13 113 116 137 31 12 75 151 92 33 150 132 97 6 20 155 85 99 7 44 72 48 154 25 57 110 156 120 138 46 28 123 144 2 42 51 129 117 30 140 121 3 47 49 153 27 149 60 159 73 43 9 16 118 133 53 26 22 45 131 105 81 152 103 107 8 109 102
160 5
1 1 0 0 1 1 1 1 1 0 0 0 0 0 0 0 0 0 1 1 1 1 1 1 1 1 1 1 1 1 1 1 1 0 0 0 0 0 0 0 1 0 1 0 0 1 1 1 1 0 0 0 0 0 1 0 1 0 1 1 1 0 1 1 1 1 1 0 1 1 0 1 0 0 0 0 1 1 1 1 1 1 0 1 0 1 0 1 0 1 1 1 0 1 0 0 1 1 0 1 1 0 1 1 0 0 1 1 1 1 1 1 0 0 1 1 0 1 0 0 0 0 1 1 0 0 0 0 1 1 0 0 0 1 0 0 0 1 0 0 0 1 1 0 0 1 0 0 1 1 0 1 1 1 0 1 0 0 0 1
35 24 82 140 42 68 136 123 153 73 126 11 33 102 62 46 107 66 40 119 21 60 138 156 86 133 137 121 63 87 8 32 55 51 61 125 17 113 91 38 20 129 71 101 111 147 39 114 85 89 28 0 124 16 144 67 80 94 142 158 15 65 10 135 93 127 96 36 105 118 69 72 150 77 134 92 64 52 54 47 1 151 99 26 116 145 57 49 44 108 75 2 76 79 83 104 7 157 56 34 22 141 48 27 110 115 50 117 30 29 70 131 155 122 146 149 143 112 43 74 148 88 90 18 53 78 14 139 103 97 9 3 19 95 120 41 5 98 58 13 25 4 23 81 159 6 130 84 128 132 109 152 154 106 12 100 31 45 37 59
160 5
0 1 0 1 0 0 0 1 0 0 1 0 1 0 1 0 1 1 0 0 0 1 1 1 1 1 1 1 0 1 0 0 0 0 0 1 1 1 1 0 0 0 1 0 1 1 0 0 0 0 0 0 0 0 0 1 0 0 0 1 0 0 1 1 0 0 1 0 0 1 1 1 0 1 0 1 1 1 1 0 1 1 0 0 0 1 1 1 1 1 1 1 1 0 0 1 1 0 0 1 0 1 0 0 1 1 0 1 0 1 1 1 0 0 1 1 0 1 0 0 1 1 0 0 0 0 0 1 0 1 1 0 0 1 1 0 0 0 1 0 1 0 1 0 0 1 0 1 0 0 1 1 1 1 1 0 0 1 1 1
129 40 16 64 134 93 110 69 91 58 107 67 141 6 136 150 114 84 3 149 37 39 94 99 26 75 131 25 158 153 48 127 88 145 2 50 157 100 121 4 12 152 43 30 45 92 155 78 104 63 142 27 109 10 102 1 147 76 146 156 105 70 11 140 123 42 128 34 85 55 132 57 83 56 103 98 139 144 13 21 79 108 19 20 122 35 120 89 29 8 53 22 143 24 137 97 7 36 130 62 119 9 18 133 77 87 81 126 82 51 74 124 52 125 154 113 47 73 59 33 138 49 90 65 5 32 151 31 17 66 41 101 28 111 112 118 80 46 71 14 117 38 44 15 106 0 72 60 23 68 135 61 95 116 115 86 96 159 54 148
160 5
0 1 0 1 0 1 1 0 0 0 1 1 1 0 1 1 0 0 1 1 0 0 1 0 0 1 0 1 1 1 0 0 0 0 1 1 1 0 1 1 1 1 1 1 0 1 0 1 0 1 1 0 1 0 0 0 0 0 1 1 0 1 1 0 1 0 1 0 0 1 1 1 1 0 1 1 1 1 1 0 1 1 0 1 1 0 1 0 0 0 1 0 1 1 1 1 0 0 0 0 1 0 1 0 0 1 1 0 1 0 1 0 1 1 0 0 0 1 0 0 1 1 0 1 0 0 0 0 1 1 1 1 0 0 0 0 1 1 0 1 0 0 0 1 0 0 0 1 0 0 0 0 1 0 0 1 1 0 1 0
43 77 37 47 117 79 71 110 42 123 14 137 25 17 120 4 51 121 99 136 56 10 96 138 139 84 114 109 23 76 45 61 105 103 127 98 44 80 3 115 104 28 126 18 132 66 92 24 89 113 48 97 55 122 94 34 106 20 19 108 125 13 11 2 118 26 88 83 15 0 93 119 149 116 60 36 49 29 40 148 128 59 95 12 87 91 6 101 154 144 100 74 143 134 1 130 33 82 107 58 81 159 112 65 102 72 68 35 53 52 39 150 75 54 57 90 63 153 7 78 21 22 147 156 73 142 129 157 62 31 155 86 145 70 50 41 152 46 30 69 32 8 5 131 38 111 151 85 9 146 140 133 141 124 135 67 27 16 158 64
160 5
0 0 1 1 0 1 0 0 1 1 0 1 1 1 0 1 0 1 0 1 1 1 1 1 1 1 0 1 1 0 0 0 0 0 1 0 0 1 0 1 0 1 0 0 0 1 1 1 0 1 1 1 1 1 0 0 0 1 0 0 1 0 0 1 1 0 0 1 1 0 0 1 0 0 1 1 1 1 0 0 1 1 0 1 1 0 1 0 0 0 0 1 0 1 1 1 1 0 0 0 0 1 1 0 1 0 1 1 0 1 0 1 0 1 1 1 0 1 1 0 0 0 1 0 1 0 1 1 0 0 0 0 0 0 1 0 1 1 1 0 1 1 1 0 0 1 1 1 0 0 0 1 1 0 0 0 0 1 1 0
2 37 141 136 152 76 14 1 114 129 139 106 143 135 49 21 104 73 79 108 121 13 153 78 65 66 149 58 71 12 0 105 68 124 156 4 31 110 96 62 158 72 35 113 74 120 88 52 133 98 24 5 40 101 132 38 100 50 159 82 89 150 80 22 47 137 147 95 130 57 8 28 51 42 23 7 119 75 102 115 155 46 117 128 27 154 103 10 11 118 34 109 151 93 86 81 84 112 148 67 19 3 63 144 32 41 125 64 134 29 116 55 18 126 20 87 59 70 56 145 142 99 44 25 127 60 39 146 36 131 53 17 33 90 157 9 138 16 43 48 83 107 94 111 85 30 122 6 26 15 123 69 77 140 97 61 45 54 92 91
