4
80 5
1 0 0 0 0 1 0 0 0 0 1 1 0 0 1 1 1 0 0 1 1 1 0 0 0 0 1 1 1 1 1 0 0 0 0 0 1 0 0 1 0 1 0 1 0 0 1 0 0 0 1 1 0 0 1 0 1 1 0 0 1 1 1 0 1 0 1 1 1 1 1 0 0 1 0 1 0 1 0 1
70 74 55 29 5 34 21 37 18 19 56 61 26 53 69 39 7 8 43 64 0 57 76 12 6 38 36 25 33 45 13 72 59 77 9 41 79 23 62 73 66 78 22 44 47 51 17 50 35 15 14 65 31 3 40 75 30 63 58 4 52 60 28 11 32 20 67 48 2 10 54 68 27 49 24 42 16 46 1 71
80 5
1 1 1 0 0 0 0 0 0 1 0 1 1 1 1 0 1 1 0 0 0 1 1 1 1 1 1 0 1 0 0 0 1 1 0 0 0 0 0 0 0 1 1 0 0 1 1 1 1 0 0 1 0 1 1 0 0 1 0 1 0 1 0 1 1 1 1 0 1 0 1 0 1 0 0 0 1 1 1 0
50 4 32 31 16 68 22 69 76 0 54 53 73 49 14 33 57 1 2 37 39 13 79 28 6 17 72 41 21 61 11 40 5 8 3 7 36 51 47 18 67 58 38 52 60 43 25 12 74 63 64 35 55 20 19 71 24 42 59 27 23 26 46 75 48 70 56 66 30 29 44 77 78 9 34 62 65 45 15 10
80 5
1 0 0 1 0 1 0 0 0 1 0 0 1 1 1 0 0 0 0 0 1 1 0 1 0 1 0 0 1 1 0 1 1 0 1 0 0 0 1 1 0 0 1 1 1 0 1 1 0 1 1 0 0 1 0 1 0 1 1 0 1 0 0 1 1 1 0 0 1 0 0 1 1 0 0 1 1 1 0 1
32 15 8 16 79 48 19 33 20 58 6 25 18 62 31 17 7 52 36 60 78 21 2 55 28 11 72 35 70 9 26 27 46 64 37 69 3 66 51 1 73 14 38 57 61 45 23 65 71 0 63 24 40 56 50 59 34 49 44 22 13 30 54 5 77 75 43 47 53 4 29 68 67 12 76 10 41 39 42 74
80 5
1 1 0 1 0 1 1 1 1 1 0 0 0 1 1 1 0 0 0 0 1 0 1 0 1 1 0 0 1 0 0 0 0 0 1 0 1 1 1 1 1 0 1 1 0 1 0 1 0 0 0 1 1 1 0 0 1 1 1 0 1 0 1 1 1 1 0 1 0 0 1 0 0 1 0 1 1 0 0 1
51 6 2 77 35 13 49 63 36 34 79 47 65 20 27 0 58 45 61 56 24 60 43 4 10 75 46 59 3 53 74 23 15 52 41 22 37 8 38 7 44 42 39 18 62 50 26 64 29 67 32 31 30 9 14 16 73 71 33 1 76 68 48 69 72 11 17 19 57 5 78 21 25 66 28 12 70 40 55 54
