4
40 5
0 0 1 1 1 1 0 0 0 1 0 1 0 1 1 0 0 0 0 1 1 0 0 0 0 1 0 0 0 0 1 1 0 0 1 1 1 0 0 1
35 24 22 29 5 34 21 37 18 19 30 31 26 3 10 39 7 8 14 32 0 11 16 12 6 38 36 25 33 20 13 27 4 17 9 1 2 23 28 15
40 5
0 1 0 1 0 0 1 0 0 0 1 1 0 0 1 0 1 1 0 0 1 1 1 0 1 0 1 1 1 1 1 0 0 1 0 1 0 1 0 1
26 11 28 6 13 31 0 30 34 5 37 7 27 3 19 35 36 1 8 33 23 21 32 16 29 39 38 12 15 17 24 9 4 14 22 25 20 18 10 2
40 5
1 0 0 0 0 0 1 0 1 1 1 1 1 1 0 1 0 1 0 1 1 1 1 0 0 0 0 0 0 1 0 1 1 1 1 0 1 1 0 0
34 4 32 31 16 30 22 29 23 0 19 20 9 25 14 33 38 1 2 37 39 13 10 28 6 17 15 27 21 26 11 24 5 8 3 7 36 35 12 18
40 5
0 1 1 0 0 1 1 1 1 0 0 1 0 1 1 0 0 1 0 1 0 1 0 1 1 1 1 0 1 0 1 0 1 0 0 0 1 1 1 0
32 25 2 36 18 27 8 38 21 4 20 29 28 35 31 34 3 19 13 26 7 15 23 1 16 17 0 6 33 11 14 5 22 10 39 24 30 37 12 9
