4
320 5
1 1 1 0 0 0 0 0 0 1 0 1 1 1 1 0 1 1 0 0 0 1 1 1 1 1 1 0 1 0 0 0 1 1 0 0 0 0 0 0 0 1 1 0 0 1 1 1 1 0 0 1 0 1 1 0 0 1 0 1 0 1 0 1 1 1 1 0 1 0 1 0 1 0 0 0 1 1 1 0 1 0 1 0 0 1 0 0 0 1 0 0 1 0 1 0 0 0 1 1 0 0 0 1 0 0 0 0 1 0 0 0 1 1 1 0 0 0 1 0 1 0 0 1 0 1 0 0 0 1 0 0 1 1 1 0 0 0 0 0 1 1 0 1 0 1 0 0 1 1 0 1 1 0 1 0 0 0 1 1 0 0 1 1 1 0 1 1 0 1 1 0 0 1 0 1 0 1 1 0 1 0 0 1 1 1 0 0 1 0 0 1 1 0 0 1 1 1 0 1 0 1 0 0 1 1 1 1 0 0 1 0 1 1 1 1 1 0 0 1 0 1 1 1 1 1 1 0 0 0 0 1 1 1 1 1 1 0 1 1 1 1 0 1 0 1 1 1 1 1 0 0 0 1 1 1 0 0 0 0 1 0 1 0 1 1 0 0 1 0 0 0 0 0 1 0 1 1 1 1 1 0 1 1 0 1 0 1 0 0 0 1 1 1 0 0 1 1 1 0 1 0 1 1 1 1 0 1 0 0 1 0 0 1 0 1 1 0 0 1
281 288 146 29 290 168 198 37 128 307 232 84 26 53 148 111 157 8 43 224 272 124 308 97 237 311 135 133 315 170 101 72 178 82 150 255 316 264 62 190 137 139 183 44 270 176 199 50 35 80 215 257 31 114 173 189 284 259 294 4 219 60 121 313 32 253 244 287 174 251 163 68 305 120 209 247 175 236 138 266 15 164 275 210 286 49 5 34 90 249 252 265 9 240 187 56 273 131 188 162 193 13 277 27 152 192 66 113 158 110 194 282 312 140 3 1 165 65 278 180 230 28 39 61 185 233 132 134 213 303 301 151 136 246 25 88 63 195 182 166 12 260 75 177 96 6 243 250 69 77 92 99 0 11 23 263 10 258 204 218 64 153 241 221 51 109 181 145 261 106 202 83 289 40 2 16 81 7 59 201 73 285 115 223 126 205 306 76 18 142 212 169 161 71 200 295 208 149 93 214 203 238 239 220 91 314 248 299 79 296 122 186 298 283 271 268 14 280 118 300 87 54 103 22 160 234 216 67 144 45 85 222 317 119 57 304 46 167 292 302 206 217 141 55 112 105 254 42 21 70 117 156 36 20 127 41 231 147 172 184 78 116 256 108 154 30 211 33 129 17 228 269 309 293 86 197 47 159 245 297 319 89 179 98 155 242 123 48 310 143 274 318 171 276 58 191 24 196 125 235 52 74 229 226 104 262 100 19 94 207 130 38 227 102 225 291 279 95 267 107
320 5
1 0 1 0 1 1 0 1 1 1 1 1 1 0 1 1 0 0 0 1 0 0 1 0 0 0 0 0 0 0 0 0 1 1 1 0 0 0 0 1 0 1 0 0 0 0 0 1 0 0 1 1 1 1 0 0 0 0 1 1 1 1 1 1 1 1 0 1 0 1 1 1 0 1 1 1 1 1 1 1 0 1 1 0 0 1 1 1 1 1 0 1 1 1 1 0 0 0 0 0 0 0 0 0 0 1 1 0 0 1 0 0 1 1 0 0 1 0 0 0 0 1 1 0 1 1 1 0 1 0 1 1 0 1 0 0 1 1 1 1 1 1 0 0 0 0 1 1 0 1 1 1 1 0 0 1 1 1 1 0 0 0 1 1 1 0 1 0 0 0 1 0 0 0 0 1 1 1 0 0 0 1 1 1 1 0 1 0 1 0 0 0 0 1 0 1 1 0 1 1 1 1 1 0 0 1 0 1 0 1 1 0 0 1 1 1 0 1 0 1 0 1 1 1 1 1 0 1 0 0 1 0 0 0 1 1 1 0 0 1 0 0 1 1 0 1 0 1 1 0 1 1 1 1 1 0 0 1 0 0 1 0 1 1 0 0 1 0 0 0 0 0 0 0 0 1 0 1 0 1 0 1 1 1 1 1 1 0 1 0 0 0 0 0 1 1 0 0 1 1 0 1 1 1 0 0 1 0 1 1 1 1 0 0 1 1 1 0 1 0
138 69 135 41 166 277 200 288 207 183 150 270 240 85 131 45 293 306 25 105 299 75 284 294 273 185 201 216 186 16 12 233 126 125 258 271 32 77 67 1 112 117 103 53 245 173 47 242 312 228 202 122 179 308 237 192 225 243 239 83 182 226 109 210 18 10 115 57 253 6 140 286 48 104 100 276 318 111 197 316 169 70 147 101 84 297 268 102 40 142 31 35 221 99 289 74 148 229 170 281 139 246 215 285 317 93 189 315 235 274 241 128 79 143 19 220 196 72 219 116 278 132 49 280 304 60 149 165 298 175 244 106 65 59 248 205 264 76 223 314 136 124 8 160 162 251 227 301 157 247 97 22 81 133 249 123 257 319 46 134 283 252 107 203 82 15 17 44 114 309 86 208 78 224 108 250 167 168 24 0 43 68 64 261 222 27 275 291 303 26 266 188 164 37 209 34 195 311 130 30 180 238 42 194 137 71 158 206 302 300 282 96 174 267 144 191 33 272 265 51 214 181 230 305 73 66 231 94 80 120 36 154 21 98 152 151 269 23 54 193 88 129 161 55 14 199 141 13 296 213 52 232 11 295 262 218 187 61 119 20 118 263 260 56 113 38 307 153 184 9 159 254 156 62 145 256 58 95 178 146 110 259 292 121 310 89 255 287 204 28 3 190 177 172 90 127 91 163 39 236 211 63 198 313 217 29 87 279 290 171 7 155 92 176 4 234 5 2 212 50
320 5
1 1 0 1 0 1 0 1 0 1 1 1 0 1 0 0 1 1 0 1 1 0 1 1 0 0 1 1 1 1 1 1 0 0 1 1 0 1 0 0 0 0 1 1 0 0 0 0 1 1 0 0 0 1 0 0 0 1 0 0 0 1 1 0 0 1 0 0 1 1 0 1 1 1 0 1 0 0 0 1 0 0 0 0 0 0 0 1 0 1 0 0 0 1 0 0 1 0 1 0 0 0 1 0 1 1 0 1 1 0 1 0 0 0 0 1 1 0 1 1 0 1 0 1 0 1 0 0 1 1 0 1 0 1 1 0 0 0 0 0 1 1 1 1 1 1 1 0 0 1 0 0 1 0 0 0 0 1 0 0 0 1 0 1 0 0 0 1 0 0 1 0 1 0 1 0 1 1 0 0 0 1 1 1 1 1 1 1 0 1 0 0 0 0 0 1 1 1 1 0 0 0 1 0 1 1 0 0 0 0 0 0 0 0 0 1 0 0 0 1 0 0 1 1 0 0 1 0 0 1 1 1 0 1 0 1 1 1 1 0 1 1 0 0 0 1 1 1 1 1 1 1 1 0 0 1 1 0 0 1 0 1 0 0 1 1 0 1 0 1 1 1 0 0 1 1 0 1 0 0 1 1 0 0 0 0 0 1 0 1 1 0 0 1 1 0 0 0 1 0 1 0 1 0 0 1 0 1 0 0 1 1 1 1 1 0 0 1 1 1
35 271 190 140 219 266 182 123 308 73 192 178 273 102 194 46 107 66 40 119 21 60 239 295 265 186 294 121 283 163 264 32 55 51 61 125 17 113 259 38 304 129 71 235 111 247 39 281 234 89 28 246 124 16 315 230 248 94 142 158 238 65 209 135 93 213 242 36 177 197 262 72 150 77 134 92 184 52 54 201 1 151 99 26 180 226 57 282 287 108 75 2 76 260 83 160 203 157 56 174 22 141 48 175 293 167 161 117 202 297 70 131 155 313 146 307 143 191 212 173 148 300 162 18 53 214 261 139 189 97 310 3 19 95 120 301 195 198 58 13 165 170 272 211 159 289 280 306 244 132 109 181 154 106 12 206 31 45 256 288 231 50 90 200 292 25 216 115 222 252 196 41 6 74 263 27 227 269 302 96 268 152 136 171 64 243 223 68 0 217 82 224 210 254 205 5 316 118 185 291 168 47 30 318 204 62 169 85 220 164 126 81 43 276 78 34 127 103 59 42 250 128 257 133 241 91 299 221 233 240 303 278 110 249 286 101 312 172 253 138 84 112 284 98 176 311 188 314 228 285 208 29 100 15 4 153 37 87 33 277 296 245 69 215 275 86 279 305 116 105 183 24 23 258 199 236 166 309 104 187 130 290 49 63 179 80 207 44 218 237 114 9 10 232 137 156 79 251 8 145 88 270 11 67 20 147 319 149 255 225 274 14 298 122 267 144 193 7 317 229
320 5
1 1 0 1 1 0 1 0 0 0 1 0 1 1 1 1 0 0 0 0 1 0 1 0 0 1 1 0 1 0 1 0 1 1 0 0 0 1 0 0 1 1 0 1 0 0 0 0 1 1 1 1 0 0 0 0 1 1 0 1 0 0 0 1 0 0 0 1 0 0 0 0 1 0 0 1 1 0 1 0 0 0 1 1 0 1 1 0 0 1 0 1 0 1 1 0 1 0 1 0 0 0 1 0 0 1 1 0 0 0 0 1 0 0 0 1 1 1 0 0 1 1 0 1 1 1 0 0 0 0 1 1 0 0 0 0 1 0 1 1 0 0 0 1 1 1 0 1 0 1 0 1 1 1 1 0 0 1 0 0 0 0 1 1 0 1 0 0 1 1 0 1 1 1 0 1 0 1 0 1 1 1 1 1 1 1 0 1 1 0 0 0 0 0 1 0 0 1 0 1 0 1 0 0 0 1 1 1 0 1 1 1 1 1 0 0 0 1 0 0 1 0 0 1 1 0 0 1 1 0 0 1 0 0 1 1 1 1 0 0 1 1 0 1 1 0 1 0 0 0 0 1 0 1 1 1 1 0 0 0 0 1 1 0 1 0 1 1 0 1 0 1 0 1 1 1 0 1 1 0 0 0 1 0 1 0 1 1 0 0 0 0 0 0 1 0 1 1 1 0 1 1 1 0 0 1 1 1 0 0 0 1 1 0 0 0 0 1 1 0
43 77 234 47 193 296 239 318 175 123 185 167 25 195 120 4 313 121 99 136 194 10 285 171 160 174 281 181 261 290 45 306 105 220 127 273 178 80 3 286 104 168 126 280 132 66 293 201 89 275 219 224 55 122 94 34 106 20 289 108 266 13 248 2 118 26 192 83 161 0 187 231 165 116 60 294 202 29 40 274 128 59 95 12 212 91 6 252 154 144 305 229 226 134 206 130 291 82 107 58 81 159 243 180 259 163 198 268 222 52 319 277 297 54 270 90 307 253 218 78 21 22 173 183 207 142 272 210 172 31 182 225 244 213 189 209 152 242 317 69 32 184 5 238 190 111 288 85 9 146 250 236 199 124 301 295 197 16 158 265 279 196 147 72 97 228 177 284 28 169 70 278 62 257 308 42 246 7 230 302 233 109 155 203 8 14 143 93 267 50 227 114 88 117 309 17 15 27 68 141 96 24 49 303 235 35 1 73 191 41 254 186 87 255 215 205 271 298 312 48 103 76 247 112 269 86 237 38 188 311 44 119 137 65 217 162 133 260 245 71 232 19 46 223 145 131 79 53 314 84 140 100 101 153 157 170 92 216 282 102 211 23 300 200 135 64 287 149 214 164 57 204 129 98 148 113 251 315 138 139 18 208 11 51 304 310 115 125 151 241 221 33 316 256 36 67 176 75 37 61 276 264 292 156 240 262 299 63 249 56 263 74 166 283 258 150 39 30 110 179
