4
160 5
0 1 0 1 0 0 1 0 0 0 1 1 0 0 1 0 1 1 0 0 1 1 1 0 1 0 1 1 1 1 1 0 0 1 0 1 0 1 0 1 0 1 0 1 1 1 0 1 0 1 1 0 0 0 1 0 0 0 1 0 1 0 0 0 0 0 1 0 1 1 1 1 1 1 0 1 0 1 0 1 1 1 1 0 0 0 0 0 0 1 0 1 1 1 1 0 1 1 0 0 0 1 1 1 1 1 1 0 1 0 0 0 1 1 0 0 0 0 0 0 0 1 1 0 0 1 1 1 1 0 0 1 0 1 1 0 0 1 0 1 0 1 0 1 1 1 1 0 1 0 1 0 1 0 0 0 1 1 1 0
89 130 146 29 86 116 93 37 128 19 95 84 26 53 148 111 157 8 43 64 104 124 94 97 145 38 135 133 33 45 101 72 59 82 150 41 79 154 62 125 137 139 22 44 144 81 17 50 35 80 129 147 31 114 40 142 155 126 58 4 52 60 121 102 32 20 112 48 2 156 54 68 103 120 24 42 16 46 138 100 15 51 149 122 123 49 5 34 90 70 36 30 9 21 76 56 47 131 18 107 71 13 159 27 152 153 66 113 158 110 87 83 67 140 3 1 109 65 105 73 85 28 39 61 57 119 132 134 98 14 74 151 136 127 25 88 63 106 115 141 12 78 75 7 96 6 55 117 69 77 92 99 0 11 23 108 10 143 91 118
160 5
0 0 1 1 1 0 1 1 0 1 1 0 0 1 0 1 0 1 1 0 1 0 0 1 1 1 0 0 1 0 0 1 1 0 0 1 1 1 0 1 0 1 0 0 1 1 1 1 0 0 1 0 1 1 1 1 1 0 0 1 0 1 1 1 1 1 1 0 0 0 0 1 1 1 1 1 1 0 1 1 1 1 0 1 0 1 1 1 1 1 0 0 0 1 1 1 0 0 0 0 1 0 1 0 1 1 0 0 1 0 0 0 0 0 1 0 1 1 1 1 1 0 1 1 0 1 0 1 0 0 0 1 1 1 0 0 1 1 1 0 1 0 1 1 1 1 0 1 0 0 1 0 0 1 0 1 1 0 0 1
105 15 8 123 137 112 95 119 20 58 6 146 18 133 94 17 7 52 141 60 82 84 89 55 28 11 72 102 70 124 26 27 116 64 140 69 152 154 51 1 73 118 38 57 88 110 23 65 71 103 87 24 157 107 108 153 34 127 44 22 134 135 54 5 104 132 43 145 53 130 117 68 149 12 101 91 138 99 122 74 39 42 78 155 142 37 126 109 61 129 77 10 115 113 31 19 92 144 98 80 16 76 96 0 106 32 90 56 143 121 45 159 48 148 156 93 46 111 83 139 63 120 81 114 151 33 13 158 36 2 4 147 75 62 86 136 97 79 41 125 85 128 21 50 30 47 25 67 35 131 59 9 3 150 66 14 100 40 49 29
160 5
1 1 0 0 0 1 0 0 1 1 0 0 0 0 1 1 0 1 1 1 0 0 0 0 1 0 0 1 0 0 1 1 1 0 0 1 1 0 0 1 0 0 1 0 1 1 1 0 1 0 1 1 1 1 0 0 1 0 0 0 0 1 0 0 0 0 1 0 1 0 1 1 0 0 0 1 0 0 0 0 1 0 1 0 1 1 0 1 1 1 1 1 1 0 1 1 0 0 0 1 0 0 1 0 0 0 0 0 0 0 0 0 1 1 1 0 0 0 0 1 0 1 0 0 0 0 0 1 0 0 1 1 1 1 0 0 0 0 1 1 1 1 1 1 1 1 0 1 0 1 1 1 0 1 1 1 1 1 1 1
138 69 135 41 17 95 43 137 158 56 150 159 88 85 131 45 78 87 25 105 9 75 7 90 62 27 54 33 146 16 12 98 126 125 119 118 32 77 67 1 112 117 103 53 30 73 47 11 92 80 42 122 0 3 23 82 66 55 37 83 64 154 109 114 18 10 115 57 127 6 140 38 48 104 100 58 108 111 155 5 130 70 147 101 84 96 36 102 40 142 31 35 68 99 28 74 148 120 86 20 139 141 44 89 2 93 26 152 151 145 129 128 79 143 19 144 34 72 51 116 24 132 49 110 156 60 149 15 39 52 14 106 65 59 91 71 113 76 29 4 136 124 8 121 107 21 94 63 157 13 97 22 81 133 153 123 61 50 46 134
160 5
0 0 1 1 1 0 1 0 0 0 1 0 0 0 0 1 1 1 0 0 0 1 1 1 1 0 1 0 1 0 0 0 0 1 0 1 1 0 1 1 1 1 1 0 0 1 0 1 0 1 1 0 0 1 1 1 0 1 0 1 0 1 1 1 1 1 0 1 0 0 1 0 0 0 1 1 1 0 0 1 0 0 1 1 0 1 0 1 1 0 1 1 1 1 1 0 0 1 0 0 1 0 1 1 0 0 1 0 0 0 0 0 0 0 0 1 0 1 0 1 0 1 1 1 1 1 1 0 1 0 0 0 0 0 1 1 0 0 1 1 0 1 1 1 0 0 1 0 1 1 1 1 0 0 1 1 1 0 1 0
111 68 36 94 56 41 32 29 38 80 147 18 14 71 79 101 126 63 54 108 23 91 11 10 70 17 87 127 61 104 86 50 130 141 5 146 52 158 58 78 15 98 83 34 115 67 136 128 40 143 135 124 21 0 77 88 93 82 106 84 65 55 24 148 119 114 35 66 145 95 62 96 125 157 139 59 37 64 134 39 142 100 4 69 112 90 1 89 19 122 74 76 13 113 116 137 31 12 75 151 92 33 150 132 97 6 20 155 85 99 7 44 72 48 154 25 57 110 156 120 138 46 28 123 144 2 42 51 129 117 30 140 121 3 47 49 153 27 149 60 159 73 43 9 16 118 133 53 26 22 45 131 105 81 152 103 107 8 109 102
