8
320 5
1 1 1 0 0 0 0 0 0 1 0 1 1 1 1 0 1 1 0 0 0 1 1 1 1 1 1 0 1 0 0 0 1 1 0 0 0 0 0 0 0 1 1 0 0 1 1 1 1 0 0 1 0 1 1 0 0 1 0 1 0 1 0 1 1 1 1 0 1 0 1 0 1 0 0 0 1 1 1 0 1 0 1 0 0 1 0 0 0 1 0 0 1 0 1 0 0 0 1 1 0 0 0 1 0 0 0 0 1 0 0 0 1 1 1 0 0 0 1 0 1 0 0 1 0 1 0 0 0 1 0 0 1 1 1 0 0 0 0 0 1 1 0 1 0 1 0 0 1 1 0 1 1 0 1 0 0 0 1 1 0 0 1 1 1 0 1 1 0 1 1 0 0 1 0 1 0 1 1 0 1 0 0 1 1 1 0 0 1 0 0 1 1 0 0 1 1 1 0 1 0 1 0 0 1 1 1 1 0 0 1 0 1 1 1 1 1 0 0 1 0 1 1 1 1 1 1 0 0 0 0 1 1 1 1 1 1 0 1 1 1 1 0 1 0 1 1 1 1 1 0 0 0 1 1 1 0 0 0 0 1 0 1 0 1 1 0 0 1 0 0 0 0 0 1 0 1 1 1 1 1 0 1 1 0 1 0 1 0 0 0 1 1 1 0 0 1 1 1 0 1 0 1 1 1 1 0 1 0 0 1 0 0 1 0 1 1 0 0 1
281 288 146 29 290 168 198 37 128 307 232 84 26 53 148 111 157 8 43 224 272 124 308 97 237 311 135 133 315 170 101 72 178 82 150 255 316 264 62 190 137 139 183 44 270 176 199 50 35 80 215 257 31 114 173 189 284 259 294 4 219 60 121 313 32 253 244 287 174 251 163 68 305 120 209 247 175 236 138 266 15 164 275 210 286 49 5 34 90 249 252 265 9 240 187 56 273 131 188 162 193 13 277 27 152 192 66 113 158 110 194 282 312 140 3 1 165 65 278 180 230 28 39 61 185 233 132 134 213 303 301 151 136 246 25 88 63 195 182 166 12 260 75 177 96 6 243 250 69 77 92 99 0 11 23 263 10 258 204 218 64 153 241 221 51 109 181 145 261 106 202 83 289 40 2 16 81 7 59 201 73 285 115 223 126 205 306 76 18 142 212 169 161 71 200 295 208 149 93 214 203 238 239 220 91 314 248 299 79 296 122 186 298 283 271 268 14 280 118 300 87 54 103 22 160 234 216 67 144 45 85 222 317 119 57 304 46 167 292 302 206 217 141 55 112 105 254 42 21 70 117 156 36 20 127 41 231 147 172 184 78 116 256 108 154 30 211 33 129 17 228 269 309 293 86 197 47 159 245 297 319 89 179 98 155 242 123 48 310 143 274 318 171 276 58 191 24 196 125 235 52 74 229 226 104 262 100 19 94 207 130 38 227 102 225 291 279 95 267 107
320 5
1 0 1 0 1 1 0 1 1 1 1 1 1 0 1 1 0 0 0 1 0 0 1 0 0 0 0 0 0 0 0 0 1 1 1 0 0 0 0 1 0 1 0 0 0 0 0 1 0 0 1 1 1 1 0 0 0 0 1 1 1 1 1 1 1 1 0 1 0 1 1 1 0 1 1 1 1 1 1 1 0 1 1 0 0 1 1 1 1 1 0 1 1 1 1 0 0 0 0 0 0 0 0 0 0 1 1 0 0 1 0 0 1 1 0 0 1 0 0 0 0 1 1 0 1 1 1 0 1 0 1 1 0 1 0 0 1 1 1 1 1 1 0 0 0 0 1 1 0 1 1 1 1 0 0 1 1 1 1 0 0 0 1 1 1 0 1 0 0 0 1 0 0 0 0 1 1 1 0 0 0 1 1 1 1 0 1 0 1 0 0 0 0 1 0 1 1 0 1 1 1 1 1 0 0 1 0 1 0 1 1 0 0 1 1 1 0 1 0 1 0 1 1 1 1 1 0 1 0 0 1 0 0 0 1 1 1 0 0 1 0 0 1 1 0 1 0 1 1 0 1 1 1 1 1 0 0 1 0 0 1 0 1 1 0 0 1 0 0 0 0 0 0 0 0 1 0 1 0 1 0 1 1 1 1 1 1 0 1 0 0 0 0 0 1 1 0 0 1 1 0 1 1 1 0 0 1 0 1 1 1 1 0 0 1 1 1 0 1 0
138 69 135 41 166 277 200 288 207 183 150 270 240 85 131 45 293 306 25 105 299 75 284 294 273 185 201 216 186 16 12 233 126 125 258 271 32 77 67 1 112 117 103 53 245 173 47 242 312 228 202 122 179 308 237 192 225 243 239 83 182 226 109 210 18 10 115 57 253 6 140 286 48 104 100 276 318 111 197 316 169 70 147 101 84 297 268 102 40 142 31 35 221 99 289 74 148 229 170 281 139 246 215 285 317 93 189 315 235 274 241 128 79 143 19 220 196 72 219 116 278 132 49 280 304 60 149 165 298 175 244 106 65 59 248 205 264 76 223 314 136 124 8 160 162 251 227 301 157 247 97 22 81 133 249 123 257 319 46 134 283 252 107 203 82 15 17 44 114 309 86 208 78 224 108 250 167 168 24 0 43 68 64 261 222 27 275 291 303 26 266 188 164 37 209 34 195 311 130 30 180 238 42 194 137 71 158 206 302 300 282 96 174 267 144 191 33 272 265 51 214 181 230 305 73 66 231 94 80 120 36 154 21 98 152 151 269 23 54 193 88 129 161 55 14 199 141 13 296 213 52 232 11 295 262 218 187 61 119 20 118 263 260 56 113 38 307 153 184 9 159 254 156 62 145 256 58 95 178 146 110 259 292 121 310 89 255 287 204 28 3 190 177 172 90 127 91 163 39 236 211 63 198 313 217 29 87 279 290 171 7 155 92 176 4 234 5 2 212 50
320 5
1 1 0 1 0 1 0 1 0 1 1 1 0 1 0 0 1 1 0 1 1 0 1 1 0 0 1 1 1 1 1 1 0 0 1 1 0 1 0 0 0 0 1 1 0 0 0 0 1 1 0 0 0 1 0 0 0 1 0 0 0 1 1 0 0 1 0 0 1 1 0 1 1 1 0 1 0 0 0 1 0 0 0 0 0 0 0 1 0 1 0 0 0 1 0 0 1 0 1 0 0 0 1 0 1 1 0 1 1 0 1 0 0 0 0 1 1 0 1 1 0 1 0 1 0 1 0 0 1 1 0 1 0 1 1 0 0 0 0 0 1 1 1 1 1 1 1 0 0 1 0 0 1 0 0 0 0 1 0 0 0 1 0 1 0 0 0 1 0 0 1 0 1 0 1 0 1 1 0 0 0 1 1 1 1 1 1 1 0 1 0 0 0 0 0 1 1 1 1 0 0 0 1 0 1 1 0 0 0 0 0 0 0 0 0 1 0 0 0 1 0 0 1 1 0 0 1 0 0 1 1 1 0 1 0 1 1 1 1 0 1 1 0 0 0 1 1 1 1 1 1 1 1 0 0 1 1 0 0 1 0 1 0 0 1 1 0 1 0 1 1 1 0 0 1 1 0 1 0 0 1 1 0 0 0 0 0 1 0 1 1 0 0 1 1 0 0 0 1 0 1 0 1 0 0 1 0 1 0 0 1 1 1 1 1 0 0 1 1 1
35 271 190 140 219 266 182 123 308 73 192 178 273 102 194 46 107 66 40 119 21 60 239 295 265 186 294 121 283 163 264 32 55 51 61 125 17 113 259 38 304 129 71 235 111 247 39 281 234 89 28 246 124 16 315 230 248 94 142 158 238 65 209 135 93 213 242 36 177 197 262 72 150 77 134 92 184 52 54 201 1 151 99 26 180 226 57 282 287 108 75 2 76 260 83 160 203 157 56 174 22 141 48 175 293 167 161 117 202 297 70 131 155 313 146 307 143 191 212 173 148 300 162 18 53 214 261 139 189 97 310 3 19 95 120 301 195 198 58 13 165 170 272 211 159 289 280 306 244 132 109 181 154 106 12 206 31 45 256 288 231 50 90 200 292 25 216 115 222 252 196 41 6 74 263 27 227 269 302 96 268 152 136 171 64 243 223 68 0 217 82 224 210 254 205 5 316 118 185 291 168 47 30 318 204 62 169 85 220 164 126 81 43 276 78 34 127 103 59 42 250 128 257 133 241 91 299 221 233 240 303 278 110 249 286 101 312 172 253 138 84 112 284 98 176 311 188 314 228 285 208 29 100 15 4 153 37 87 33 277 296 245 69 215 275 86 279 305 116 105 183 24 23 258 199 236 166 309 104 187 130 290 49 63 179 80 207 44 218 237 114 9 10 232 137 156 79 251 8 145 88 270 11 67 20 147 319 149 255 225 274 14 298 122 267 144 193 7 317 229
320 5
1 1 0 1 1 0 1 0 0 0 1 0 1 1 1 1 0 0 0 0 1 0 1 0 0 1 1 0 1 0 1 0 1 1 0 0 0 1 0 0 1 1 0 1 0 0 0 0 1 1 1 1 0 0 0 0 1 1 0 1 0 0 0 1 0 0 0 1 0 0 0 0 1 0 0 1 1 0 1 0 0 0 1 1 0 1 1 0 0 1 0 1 0 1 1 0 1 0 1 0 0 0 1 0 0 1 1 0 0 0 0 1 0 0 0 1 1 1 0 0 1 1 0 1 1 1 0 0 0 0 1 1 0 0 0 0 1 0 1 1 0 0 0 1 1 1 0 1 0 1 0 1 1 1 1 0 0 1 0 0 0 0 1 1 0 1 0 0 1 1 0 1 1 1 0 1 0 1 0 1 1 1 1 1 1 1 0 1 1 0 0 0 0 0 1 0 0 1 0 1 0 1 0 0 0 1 1 1 0 1 1 1 1 1 0 0 0 1 0 0 1 0 0 1 1 0 0 1 1 0 0 1 0 0 1 1 1 1 0 0 1 1 0 1 1 0 1 0 0 0 0 1 0 1 1 1 1 0 0 0 0 1 1 0 1 0 1 1 0 1 0 1 0 1 1 1 0 1 1 0 0 0 1 0 1 0 1 1 0 0 0 0 0 0 1 0 1 1 1 0 1 1 1 0 0 1 1 1 0 0 0 1 1 0 0 0 0 1 1 0
43 77 234 47 193 296 239 318 175 123 185 167 25 195 120 4 313 121 99 136 194 10 285 171 160 174 281 181 261 290 45 306 105 220 127 273 178 80 3 286 104 168 126 280 132 66 293 201 89 275 219 224 55 122 94 34 106 20 289 108 266 13 248 2 118 26 192 83 161 0 187 231 165 116 60 294 202 29 40 274 128 59 95 12 212 91 6 252 154 144 305 229 226 134 206 130 291 82 107 58 81 159 243 180 259 163 198 268 222 52 319 277 297 54 270 90 307 253 218 78 21 22 173 183 207 142 272 210 172 31 182 225 244 213 189 209 152 242 317 69 32 184 5 238 190 111 288 85 9 146 250 236 199 124 301 295 197 16 158 265 279 196 147 72 97 228 177 284 28 169 70 278 62 257 308 42 246 7 230 302 233 109 155 203 8 14 143 93 267 50 227 114 88 117 309 17 15 27 68 141 96 24 49 303 235 35 1 73 191 41 254 186 87 255 215 205 271 298 312 48 103 76 247 112 269 86 237 38 188 311 44 119 137 65 217 162 133 260 245 71 232 19 46 223 145 131 79 53 314 84 140 100 101 153 157 170 92 216 282 102 211 23 300 200 135 64 287 149 214 164 57 204 129 98 148 113 251 315 138 139 18 208 11 51 304 310 115 125 151 241 221 33 316 256 36 67 176 75 37 61 276 264 292 156 240 262 299 63 249 56 263 74 166 283 258 150 39 30 110 179
320 5
1 1 1 1 0 1 1 1 1 0 1 1 0 0 0 0 1 1 0 0 1 0 1 0 1 1 1 0 1 0 0 0 1 0 0 0 0 0 1 1 1 0 1 0 1 0 0 0 0 1 1 1 0 0 0 0 0 0 0 1 0 1 0 1 0 0 0 1 1 0 0 0 0 0 1 0 0 1 1 1 1 0 0 1 0 1 1 1 1 1 0 1 1 1 0 1 1 0 0 0 1 1 1 0 1 1 1 0 0 0 0 0 0 0 0 1 1 1 0 1 0 1 1 0 1 1 1 1 1 1 0 0 0 1 1 0 1 1 0 1 1 0 0 1 0 1 1 0 1 1 1 1 0 0 1 0 0 0 0 0 1 0 1 1 1 0 1 0 1 1 1 1 0 0 0 0 0 0 0 1 1 0 0 1 0 1 0 0 1 1 0 1 1 0 0 1 0 1 1 1 1 1 0 1 1 1 1 1 0 1 1 1 1 1 1 0 1 0 1 0 1 0 1 0 1 1 1 0 1 1 1 0 0 1 1 1 1 0 0 1 1 0 0 1 0 0 1 1 0 0 1 1 1 1 1 0 0 0 0 0 1 0 1 1 1 0 0 0 1 0 1 1 1 0 0 0 1 0 1 0 1 1 0 0 1 0 1 1 0 1 1 0 1 1 0 1 0 0 1 1 0 1 1 0 0 0 1 0 0 1 1 1 1 1 1 0 1 1 0 1
130 145 167 157 101 155 92 45 236 214 280 52 140 229 266 60 47 79 39 241 312 163 296 37 217 25 67 112 250 160 195 273 30 94 51 292 193 33 227 32 224 86 44 181 249 85 291 246 192 136 269 110 8 22 6 191 66 149 15 153 70 83 137 147 209 84 288 133 165 64 156 74 244 234 211 28 57 46 132 73 40 71 197 61 115 213 124 272 121 169 131 90 93 201 271 293 196 205 117 316 0 16 139 304 286 125 221 254 55 230 82 174 281 38 127 142 69 265 88 186 113 11 307 270 135 310 226 41 218 170 228 58 182 144 129 306 35 289 109 24 255 294 225 313 2 203 63 168 4 20 319 65 107 216 56 12 243 68 59 146 302 122 54 290 23 7 105 111 240 284 141 10 253 171 9 267 301 242 177 278 314 138 219 282 275 299 180 190 166 183 119 17 287 239 49 262 120 208 184 97 151 261 305 152 303 258 62 159 158 300 207 77 114 232 118 154 3 50 198 14 78 1 222 308 98 176 172 268 264 276 248 104 279 231 36 251 212 206 18 72 103 26 256 179 233 252 108 210 311 200 238 263 106 13 297 202 318 43 259 21 235 81 187 48 298 173 162 257 285 100 295 189 5 91 175 123 185 164 96 76 237 80 34 283 277 95 102 223 143 199 53 19 128 116 247 309 87 215 161 134 245 317 188 220 27 204 178 126 75 260 31 89 148 274 150 42 315 194 99 29
320 5
1 0 1 0 1 1 0 1 0 0 1 1 0 1 0 0 0 1 0 0 0 0 0 1 1 0 1 1 1 1 0 0 0 1 0 1 1 0 1 1 0 1 1 1 0 1 1 0 1 1 1 1 1 1 1 1 0 1 1 0 0 1 1 1 1 1 1 1 0 0 1 0 1 0 1 0 0 1 0 1 0 1 0 0 1 1 0 0 1 0 0 1 0 1 1 0 1 0 0 0 1 0 1 1 0 0 1 1 1 0 1 0 0 0 1 0 0 0 0 0 0 1 0 0 1 1 1 0 1 1 0 1 0 1 0 1 1 1 0 1 1 1 1 1 0 0 1 0 0 1 1 1 1 1 0 1 0 1 1 0 1 0 0 0 1 0 1 1 1 0 0 1 1 0 1 1 0 1 0 0 1 1 0 0 1 0 0 0 0 0 1 0 0 1 1 1 0 1 1 0 0 1 0 0 1 0 0 1 1 0 0 1 1 1 0 0 1 0 0 0 0 1 0 0 0 0 1 0 0 1 1 0 0 0 0 1 1 1 1 0 0 0 0 0 0 1 1 0 1 1 0 1 1 1 1 0 1 1 1 1 0 1 0 0 0 1 0 0 1 0 1 0 0 1 0 0 0 0 1 0 0 0 1 1 0 1 0 0 1 0 1 1 0 0 1 0 1 1 1 1 0 0 1 1 0 0 1 1 0 0 0 0 0 0 1 1 0 1 1 0
299 187 265 178 151 314 188 47 48 74 111 292 123 60 232 18 70 58 260 41 157 221 121 165 208 235 225 128 269 156 191 306 158 39 20 231 255 230 254 285 271 104 52 253 312 227 219 317 169 110 101 226 291 207 218 186 37 73 63 38 1 3 159 181 240 303 90 62 143 146 249 283 85 304 32 22 149 248 24 105 276 106 281 279 98 0 259 99 36 136 69 11 174 202 126 220 46 109 245 138 171 115 92 4 264 266 243 246 209 289 27 167 228 180 107 252 72 134 223 287 258 196 40 215 222 144 210 43 164 268 214 15 229 10 176 130 141 236 102 160 193 163 296 275 14 182 205 79 216 183 68 132 34 318 71 33 108 153 316 30 200 118 45 272 203 65 13 217 50 145 80 307 311 166 190 78 301 310 293 114 76 199 16 278 154 139 8 81 313 124 127 12 61 66 53 280 17 295 274 129 241 113 125 29 28 172 49 5 184 120 25 185 297 294 282 239 152 112 51 277 197 273 177 95 298 288 140 224 2 42 9 179 162 54 119 173 161 201 261 84 100 67 175 155 168 284 103 250 315 148 86 133 305 263 257 198 247 137 31 94 251 170 77 89 290 256 117 122 87 189 23 96 267 309 59 242 142 147 7 319 244 150 195 93 204 56 237 44 212 35 270 211 19 262 21 88 213 135 233 206 57 83 6 55 308 91 300 75 26 286 192 97 302 194 64 238 131 116 234 82
320 5
0 0 1 0 0 0 0 0 0 1 0 1 0 1 0 1 1 1 1 1 0 0 1 1 1 0 0 1 0 1 0 1 0 0 1 1 0 1 1 0 1 0 0 1 1 0 0 1 1 0 0 0 1 1 1 0 0 1 1 0 1 0 1 1 1 1 1 1 0 1 0 1 1 0 0 0 1 1 1 1 0 1 0 0 1 0 0 1 1 1 0 1 1 1 0 1 1 0 0 0 1 0 0 0 1 1 1 0 0 1 0 0 0 0 1 0 1 0 1 1 0 0 0 1 1 0 0 0 1 0 0 1 1 1 0 0 0 0 1 1 1 0 1 0 0 1 0 1 1 0 1 1 0 1 0 0 0 1 1 1 0 0 0 0 0 0 0 1 0 0 1 1 0 1 1 0 0 1 1 0 1 1 1 1 1 0 0 0 0 0 1 0 1 0 1 0 1 1 1 0 0 0 0 1 1 0 1 1 0 1 1 1 0 0 1 0 0 0 0 1 1 0 0 0 1 1 1 0 1 0 0 0 0 1 0 0 1 1 1 1 1 0 1 1 1 0 1 0 0 1 1 1 0 1 1 1 1 0 1 0 0 0 0 0 0 0 0 0 0 0 1 0 1 1 0 1 0 0 0 1 1 1 1 0 1 1 0 1 1 1 1 0 0 1 1 0 0 1 1 1 0 1 1 1 1 1 1 0 1 0 0 1 0 0 0 0 0 0 1 0
172 56 300 210 100 292 248 63 25 88 153 3 95 126 16 212 93 26 141 164 211 306 12 14 261 155 24 254 131 111 85 90 229 22 17 122 218 67 258 46 135 0 129 297 136 113 71 215 61 166 271 2 30 132 185 84 60 176 296 98 181 162 142 123 251 266 313 31 187 5 74 68 315 184 192 70 312 197 319 103 279 57 175 301 189 253 252 225 232 99 80 206 168 139 143 6 249 256 245 11 293 29 104 134 283 186 228 235 274 127 202 182 178 148 233 230 37 244 198 106 1 318 152 117 275 240 214 281 298 270 216 188 263 51 36 59 108 110 262 224 231 87 39 268 105 237 269 305 128 18 221 290 309 278 27 79 120 115 203 28 49 64 157 125 8 272 154 96 124 35 171 137 226 173 77 73 174 32 23 40 295 10 7 257 21 65 4 267 160 82 285 53 193 147 97 219 101 304 291 72 69 146 247 15 284 286 314 116 200 13 243 282 94 191 213 303 83 207 45 156 121 201 140 180 41 246 38 238 280 102 92 199 196 76 9 62 107 179 151 66 109 159 294 277 144 112 149 183 299 167 236 50 114 227 44 42 239 170 163 118 209 241 165 273 259 255 78 195 222 34 75 302 307 150 161 119 288 317 264 177 205 311 276 260 250 55 242 133 145 89 130 265 33 316 194 91 310 289 138 58 47 52 86 208 54 220 43 158 169 20 19 234 204 223 217 190 287 308 81 48
320 5
0 0 1 0 0 0 0 0 0 1 0 0 1 1 0 1 0 1 0 1 0 0 1 1 1 0 1 0 1 1 0 1 1 1 0 0 0 0 1 1 0 0 1 1 0 1 1 0 1 0 1 0 1 0 1 1 0 0 1 1 0 0 1 1 1 0 1 0 0 0 0 1 1 1 0 1 0 0 0 0 1 1 1 0 0 0 0 1 0 1 1 1 1 1 0 0 0 0 0 1 1 1 1 0 0 0 0 0 0 1 1 1 0 1 1 0 1 1 0 1 0 0 0 0 1 0 1 0 1 1 1 0 0 1 1 0 1 0 0 0 1 0 1 0 1 1 1 1 1 1 1 0 0 0 0 0 1 1 0 0 0 0 0 1 0 0 1 0 1 0 0 1 0 1 0 0 1 0 1 1 0 1 1 0 1 1 1 0 1 1 0 1 1 0 0 1 1 1 1 1 1 0 1 0 0 0 1 1 1 0 1 1 0 1 0 0 0 1 1 0 1 1 0 0 1 0 1 0 1 0 1 1 1 1 1 1 0 0 1 0 1 0 1 1 1 1 1 0 0 0 0 1 0 1 0 1 1 1 1 0 0 0 0 1 1 1 0 0 1 1 1 1 1 1 0 1 0 0 1 1 1 1 0 1 1 1 0 1 1 0 0 1 1 1 0 1 0 1 0 1 0 0 1 1 1 0 0 0 0 1 1 1 1 0 1 0 0 1 0 0
106 113 252 288 165 267 93 136 144 147 100 180 162 306 28 35 131 172 193 302 164 159 265 263 77 130 239 307 216 11 105 209 38 319 312 237 84 276 13 197 53 40 242 198 228 225 283 122 121 119 181 168 278 22 5 203 32 54 52 298 223 284 97 254 25 171 154 138 101 268 292 195 103 69 275 75 187 153 80 301 67 230 31 314 149 232 30 157 15 18 222 177 286 129 184 285 76 17 236 255 128 224 78 219 89 241 256 142 227 313 262 29 201 182 44 310 235 63 186 281 81 196 176 234 58 260 55 204 83 4 229 70 87 137 79 206 151 299 191 249 140 1 111 179 117 289 161 68 226 125 308 124 207 8 273 214 47 270 311 19 95 233 10 158 133 261 0 99 86 118 259 85 6 316 34 282 303 146 210 244 59 245 110 175 82 294 36 274 199 126 295 248 231 120 185 220 16 293 190 240 253 72 12 145 102 305 318 272 221 174 143 266 46 48 51 192 134 135 94 148 189 64 212 317 61 194 26 24 150 291 20 309 251 213 315 50 88 202 27 49 269 300 290 287 7 257 73 152 104 297 62 90 21 132 14 2 33 139 279 43 71 60 208 108 74 160 141 264 114 243 215 65 277 123 116 23 156 271 41 115 247 167 91 9 200 246 3 188 107 296 96 166 304 211 205 169 57 39 37 56 250 217 183 92 112 170 42 163 280 127 238 98 258 155 173 178 218 109 45 66
