2 139

7439.000000 7984.000000
7468.000000 7983.000000
7480.000000 7981.000000
7491.000000 7979.000000
7521.000000 7978.000000
7549.000000 7976.000000
7550.000000 7975.000000
7571.000000 7973.000000
7576.000000 7972.000000
7584.000000 7971.000000
7591.000000 7970.000000
7598.000000 7968.000000
7617.000000 7967.000000
7630.000000 7965.000000
7632.000000 7962.000000
7638.000000 7961.000000
7645.000000 7960.000000
7647.000000 7957.000000
7653.000000 7954.000000
7657.000000 7953.000000
7658.000000 7952.000000
7659.000000 7950.000000
7664.000000 7948.000000
7667.000000 7945.000000
7672.000000 7942.000000
7675.000000 7939.000000
7677.000000 7938.000000
7686.000000 7937.000000
7695.000000 7936.000000
7697.000000 7931.000000
7704.000000 7928.000000
7712.000000 7927.000000
7713.000000 7923.000000
7718.000000 7922.000000
7722.000000 7919.000000
7734.000000 7917.000000
7742.000000 7911.000000
7754.000000 7904.000000
7757.000000 7899.000000
7764.000000 7896.000000
7765.000000 7893.000000
7776.000000 7890.000000
7779.000000 7885.000000
7780.000000 7884.000000
7781.000000 7883.000000
7782.000000 7880.000000
7791.000000 7877.000000
7795.000000 7875.000000
7797.000000 7871.000000
7802.000000 7868.000000
7804.000000 7865.000000
7812.000000 7864.000000
7818.000000 7856.000000
7826.000000 7853.000000
7832.000000 7847.000000
7836.000000 7845.000000
7837.000000 7839.000000
7840.000000 7838.000000
7842.000000 7836.000000
7845.000000 7833.000000
7848.000000 7832.000000
7850.000000 7830.000000
7855.000000 7829.000000
7857.000000 7824.000000
7860.000000 7820.000000
7861.000000 7817.000000
7862.000000 7813.000000
7866.000000 7812.000000
7868.000000 7808.000000
7873.000000 7806.000000
7875.000000 7802.000000
7876.000000 7800.000000
7881.000000 7797.000000
7883.000000 7794.000000
7884.000000 7791.000000
7885.000000 7789.000000
7887.000000 7788.000000
7888.000000 7787.000000
7893.000000 7786.000000
7894.000000 7784.000000
7897.000000 7781.000000
7899.000000 7778.000000
7900.000000 7771.000000
7901.000000 7769.000000
7902.000000 7768.000000
7903.000000 7767.000000
7904.000000 7766.000000
7910.000000 7763.000000
7914.000000 7760.000000
7915.000000 7756.000000
7917.000000 7755.000000
7918.000000 7752.000000
7920.000000 7751.000000
7921.000000 7746.000000
7923.000000 7743.000000
7926.000000 7741.000000
7927.000000 7735.000000
7931.000000 7734.000000
7932.000000 7731.000000
7934.000000 7729.000000
7936.000000 7728.000000
7938.000000 7723.000000
7939.000000 7718.000000
7941.000000 7717.000000
7943.000000 7714.000000
7947.000000 7709.000000
7948.000000 7700.000000
7949.000000 7694.000000
7950.000000 7688.000000
7951.000000 7686.000000
7953.000000 7684.000000
7954.000000 7679.000000
7955.000000 7678.000000
7957.000000 7676.000000
7958.000000 7667.000000
7961.000000 7663.000000
7964.000000 7662.000000
7966.000000 7648.000000
7967.000000 7645.000000
7968.000000 7643.000000
7970.000000 7639.000000
7972.000000 7634.000000
7974.000000 7628.000000
7975.000000 7627.000000
7976.000000 7624.000000
7977.000000 7622.000000
7983.000000 7621.000000
7986.000000 7615.000000
7987.000000 7613.000000
7989.000000 7609.000000
7991.000000 7593.000000
7992.000000 7591.000000
7997.000000 7587.000000
7998.000000 7579.000000
7999.000000 7568.000000
8000.000000 7563.000000
8003.000000 7556.000000
8005.000000 7514.000000
8008.000000 7508.000000
