4
100 5
1 1 0 1 1 1 1 0 0 0 0 0 1 1 0 0 1 0 0 0 1 0 1 0 1 0 1 1 1 0 0 1 0 1 1 0 0 1 1 1 1 0 0 0 0 1 0 1 0 0 1 0 0 1 1 1 0 1 0 1 0 1 1 1 0 0 0 0 0 1 0 0 0 1 1 0 0 1 0 1 0 1 1 0 0 1 1 1 0 1 1 1 0 1 1 0 1 0 1 0
27 64 57 53 56 60 89 37 26 34 74 96 21 20 36 8 19 5 38 61 65 81 46 44 66 83 47 48 3 28 13 69 40 91 99 12 45 16 15 82 62 88 10 25 2 67 97 95 33 52 23 30 35 63 59 93 72 68 79 87 11 58 43 17 94 50 76 84 78 86 54 98 92 7 24 29 31 77 71 85 41 14 75 39 70 80 32 73 49 4 22 0 9 55 51 90 18 6 1 42
100 5
1 1 0 1 1 0 1 0 0 1 1 0 1 1 1 1 0 1 1 1 0 0 1 1 1 0 0 1 1 0 0 1 1 0 1 0 1 1 1 1 1 1 1 1 1 0 1 0 0 1 1 0 0 0 0 1 1 0 0 0 1 1 0 1 0 0 0 0 1 0 1 1 1 0 1 1 1 0 0 0 1 0 0 0 0 1 1 0 1 1 1 0 0 0 1 0 1 0 1 1
96 88 16 15 54 0 69 75 93 68 40 13 95 18 98 90 58 9 11 60 78 73 77 59 26 65 61 7 53 67 52 55 27 82 8 94 37 63 43 1 24 22 6 64 97 70 50 3 86 99 51 19 72 35 48 20 66 49 5 44 34 2 17 74 46 45 57 39 81 30 29 89 56 85 41 14 32 92 36 42 21 71 38 28 23 79 47 4 83 25 12 62 76 87 33 10 91 31 80 84
100 5
0 1 0 1 1 1 1 1 0 1 0 1 1 0 1 1 0 1 1 0 1 1 1 1 1 1 1 1 0 1 0 0 0 0 0 0 1 1 1 0 0 1 0 1 0 0 0 0 0 0 0 1 1 1 0 1 0 1 0 1 0 1 1 0 0 1 1 1 1 1 1 0 0 0 1 1 0 0 0 0 1 1 0 1 0 1 1 0 1 1 1 0 1 0 0 0 1 1 0 1
64 92 71 27 84 55 1 11 15 4 31 26 61 76 62 29 94 88 75 49 54 73 14 95 68 9 78 2 40 86 91 3 6 18 63 57 16 23 38 0 82 8 80 87 24 98 22 10 47 53 65 66 60 85 44 56 74 48 69 13 7 39 33 17 58 79 25 93 41 59 42 89 46 37 35 45 96 67 5 43 28 77 19 72 30 83 12 36 99 50 81 51 34 70 90 20 97 32 52 21
100 5
0 1 1 0 1 1 1 0 1 0 0 1 1 1 1 0 1 0 0 0 0 1 0 0 0 1 1 0 1 1 1 1 0 1 1 0 0 1 0 1 1 1 1 1 0 0 1 0 0 1 1 0 1 1 1 0 1 1 1 0 0 1 1 0 1 1 0 1 0 1 0 1 1 1 0 1 0 0 1 0 0 0 0 0 1 0 0 0 1 0 0 1 0 0 1 1 1 0 1 1
32 8 5 14 63 85 81 64 75 72 87 10 98 92 67 94 88 47 90 70 1 17 48 27 34 57 11 20 89 0 46 42 80 97 23 99 22 83 82 39 15 40 65 61 93 66 19 96 84 51 3 29 79 45 50 78 6 37 43 91 30 41 58 13 95 7 24 55 49 21 31 62 9 86 2 25 52 28 76 60 35 4 59 26 69 38 71 54 44 33 12 53 74 18 77 36 73 56 16 68
