16
50 5
0 1 1 0 0 0 1 0 0 1 1 1 0 1 1 1 0 1 1 0 1 1 1 0 1 1 1 0 1 1 1 1 0 0 0 0 0 1 1 0 0 1 0 0 0 1 0 1 0 1
27 30 1 17 9 11 4 37 26 34 24 18 21 20 36 8 19 5 38 41 23 14 46 44 31 39 47 48 3 28 13 32 40 0 42 12 45 16 15 29 43 49 10 25 2 7 6 22 33 35
50 5
1 0 0 1 1 1 0 1 0 1 0 1 1 1 0 0 0 0 0 1 0 0 0 1 1 0 0 1 0 1 0 1 1 0 0 1 1 1 0 1 1 1 0 1 1 0 1 0 1 0
27 39 20 10 47 38 25 34 15 37 5 11 4 42 7 48 45 46 28 3 30 33 21 1 43 31 13 44 29 26 40 17 41 0 12 18 35 23 32 22 2 19 36 24 9 6 49 8 16 14
50 5
1 1 0 1 0 0 0 1 1 0 1 1 1 0 0 0 0 1 1 0 0 1 0 0 0 1 1 0 1 1 0 1 0 0 1 1 0 1 1 1 1 0 1 1 1 0 0 1 1 1
17 28 16 15 48 0 30 14 4 25 40 13 10 18 21 12 5 9 11 34 36 42 32 44 26 45 2 7 35 39 49 20 27 38 8 33 37 41 43 1 24 22 6 46 31 29 19 3 47 23
50 5
1 0 0 0 0 1 1 0 0 0 1 1 0 1 0 0 0 0 1 0 1 1 1 0 1 1 1 0 0 0 1 0 0 0 0 1 1 0 1 1 1 0 0 0 1 0 1 0 1 1
19 29 1 25 17 7 23 9 12 40 13 39 21 14 3 31 49 44 41 46 22 32 30 20 24 15 33 42 16 0 48 8 4 10 28 45 35 38 2 18 6 26 37 5 47 27 36 34 43 11
50 5
0 1 0 1 0 1 0 0 1 0 1 1 1 0 0 1 0 0 0 0 0 0 0 1 0 0 1 0 1 1 1 1 1 0 1 0 1 1 0 1 1 0 1 1 0 1 1 1 1 1
13 34 43 27 30 35 1 11 15 4 31 26 39 32 33 29 42 21 45 49 44 37 14 20 41 9 5 2 40 12 25 3 6 18 17 48 16 23 38 0 19 8 28 36 24 7 22 10 47 46
50 5
0 1 1 1 0 1 0 1 0 1 0 1 1 0 0 1 1 1 1 1 1 0 0 0 1 1 0 0 0 0 1 1 0 1 0 1 1 0 1 1 1 0 1 0 0 0 1 1 0 1
33 7 44 40 20 4 37 34 5 38 19 10 6 28 24 30 14 23 16 26 47 43 8 48 45 36 13 27 21 18 12 25 32 3 35 1 39 31 9 2 29 11 15 22 42 49 41 46 0 17
50 5
0 0 0 1 1 1 1 0 1 1 0 0 0 1 1 0 0 1 1 0 0 0 0 0 0 0 1 1 0 1 1 1 0 1 0 0 1 1 1 1 0 1 0 0 0 0 1 0 0 0
32 8 5 14 13 38 4 36 25 9 3 10 16 2 30 28 44 47 12 31 1 17 48 27 34 37 11 20 33 0 46 42 35 6 23 49 22 26 45 39 15 40 7 41 18 24 19 43 21 29
50 5
1 0 1 1 1 0 1 1 1 0 0 1 1 0 1 1 0 1 0 1 0 1 1 1 0 1 0 0 1 0 0 0 0 0 1 0 0 0 1 0 0 1 0 0 1 1 1 0 1 1
5 22 19 49 14 7 0 39 40 31 46 23 24 38 9 43 37 21 16 2 44 25 45 18 35 32 8 20 13 12 34 6 17 33 30 29 1 28 26 11 41 42 47 48 15 36 4 10 3 27
50 5
0 0 1 1 1 0 0 0 1 1 1 1 0 1 0 0 0 0 1 0 0 0 0 0 0 0 1 1 0 1 1 0 0 0 1 0 1 1 0 0 1 1 0 1 1 1 1 0 0 0
36 28 8 48 43 5 44 23 26 9 7 10 2 42 19 6 37 35 11 21 38 27 18 47 41 15 25 22 45 30 17 40 39 0 13 31 34 29 14 33 1 46 3 20 49 12 4 32 24 16
50 5
1 0 0 1 0 1 1 0 1 0 1 1 0 1 0 0 0 0 1 0 0 0 1 1 1 0 0 1 1 0 0 1 1 1 0 0 1 0 1 0 1 1 0 1 1 0 1 1 0 1
23 41 30 3 47 35 2 29 48 21 13 38 31 16 28 32 33 24 44 20 40 26 25 11 42 37 49 1 19 7 45 6 36 27 8 4 43 12 39 9 0 22 10 15 34 46 14 17 18 5
50 5
0 1 1 0 1 0 1 0 0 0 1 1 1 0 0 1 0 0 0 0 0 0 1 0 1 0 1 1 1 0 1 1 0 1 0 0 0 0 0 0 0 1 1 0 1 0 1 0 1 0
21 7 26 46 2 39 38 48 31 1 16 41 22 37 0 8 6 27 32 30 18 17 5 10 9 24 19 28 3 43 36 15 45 33 23 14 44 40 11 12 49 25 42 20 34 29 4 47 35 13
50 5
0 1 1 0 0 0 1 1 0 0 0 1 1 0 0 1 1 1 1 1 0 0 1 0 0 1 1 1 0 0 0 1 1 0 1 0 0 1 0 0 0 1 1 0 1 0 1 1 1 1
43 47 29 3 19 8 31 42 4 11 20 33 40 5 25 38 26 2 13 45 12 16 10 35 24 6 37 49 17 41 46 21 9 0 34 15 14 44 39 48 32 22 28 18 1 27 30 36 23 7
50 5
0 1 1 0 1 0 1 0 0 0 1 1 0 0 1 1 1 1 0 1 1 1 1 1 0 1 0 1 0 1 0 1 1 0 1 0 1 0 1 0 0 0 1 0 0 1 0 0 1 1
2 28 45 34 20 42 25 41 22 8 26 40 6 31 5 13 18 49 48 21 29 16 1 37 39 11 9 3 47 4 12 43 36 0 33 35 10 15 32 38 27 14 23 7 24 17 44 30 19 46
50 5
0 0 0 1 1 0 1 1 0 0 1 1 1 0 0 1 0 0 0 1 0 1 0 1 1 0 1 1 1 1 1 1 0 1 0 1 1 1 1 0 1 0 0 1 0 1 1 0 0 0
33 41 2 10 20 4 7 17 30 32 42 21 25 31 26 38 1 18 3 11 16 5 8 46 15 27 39 0 28 43 29 13 22 37 48 36 49 47 34 44 12 40 6 23 45 24 14 35 9 19
50 5
1 1 1 1 0 0 0 1 0 1 1 1 1 1 1 0 1 1 0 1 1 1 1 0 0 1 1 0 1 0 1 1 0 1 1 0 0 0 1 0 1 1 1 1 1 1 0 0 0 1
30 29 18 49 42 2 16 36 31 32 6 21 43 46 25 8 17 5 28 13 3 11 4 19 26 44 38 9 37 47 20 41 35 34 48 22 33 39 15 23 1 24 40 0 45 7 27 12 14 10
50 5
0 1 0 1 1 1 0 0 1 1 0 0 1 0 0 1 0 0 1 1 0 1 0 0 0 1 0 0 1 0 1 0 1 0 1 1 1 1 0 0 1 0 0 1 0 1 0 0 1 1
13 34 23 36 45 0 38 29 14 35 19 44 40 5 20 11 42 18 15 22 6 4 10 16 12 9 26 48 49 24 17 3 43 30 28 37 47 7 21 8 41 2 31 39 46 27 1 32 25 33
