16
12 5
0 1 0 0 0 0 0 0 0 1 0 1
9 10 2 5 11 4 6 3 1 8 0 7
12 5
0 0 1 0 0 1 1 1 0 0 1 0
5 9 6 2 3 10 8 1 4 11 0 7
12 5
1 1 0 0 1 1 1 1 1 1 0 1
4 0 9 7 1 6 5 10 3 2 11 8
12 5
0 1 0 1 1 0 1 0 1 0 0 0
6 0 1 7 11 5 4 10 3 9 8 2
12 5
1 1 1 1 1 0 0 0 1 0 0 0
10 9 6 1 11 3 2 7 0 5 8 4
12 5
0 0 0 1 0 0 1 1 0 1 0 0
6 3 8 5 4 7 9 2 0 10 1 11
12 5
0 1 1 0 1 0 0 1 0 1 1 0
4 9 0 6 1 8 10 7 2 11 3 5
12 5
1 0 1 1 1 0 1 1 1 1 0 0
10 5 7 0 8 11 2 3 9 1 4 6
12 5
0 1 1 0 0 1 1 1 1 0 1 1
5 0 6 8 4 10 3 1 2 7 9 11
12 5
0 0 1 1 0 1 1 0 1 0 1 0
0 9 6 8 11 3 1 4 10 2 7 5
12 5
1 1 0 0 0 1 1 1 1 0 0 1
9 3 2 10 8 4 1 0 5 6 11 7
12 5
1 1 0 0 1 1 1 0 0 0 1 1
10 11 0 5 8 1 3 9 6 2 7 4
12 5
0 1 1 0 1 0 0 0 1 1 1 0
6 8 11 7 4 10 0 1 2 5 9 3
12 5
0 0 0 0 0 1 0 0 1 0 1 0
3 10 0 6 2 7 5 4 1 8 11 9
12 5
0 0 1 1 1 0 1 0 0 1 1 0
0 9 10 3 4 1 11 7 6 8 2 5
12 5
1 1 1 0 1 0 0 0 0 0 0 1
5 0 7 8 10 3 4 2 11 6 9 1
