4
50 5
0 1 1 0 0 0 1 0 0 1 1 1 0 1 1 1 0 1 1 0 1 1 1 0 1 1 1 0 1 1 1 1 0 0 0 0 0 1 1 0 0 1 0 0 0 1 0 1 0 1
27 30 1 17 9 11 4 37 26 34 24 18 21 20 36 8 19 5 38 41 23 14 46 44 31 39 47 48 3 28 13 32 40 0 42 12 45 16 15 29 43 49 10 25 2 7 6 22 33 35
50 5
1 0 0 1 1 1 0 1 0 1 0 1 1 1 0 0 0 0 0 1 0 0 0 1 1 0 0 1 0 1 0 1 1 0 0 1 1 1 0 1 1 1 0 1 1 0 1 0 1 0
27 39 20 10 47 38 25 34 15 37 5 11 4 42 7 48 45 46 28 3 30 33 21 1 43 31 13 44 29 26 40 17 41 0 12 18 35 23 32 22 2 19 36 24 9 6 49 8 16 14
50 5
1 1 0 1 0 0 0 1 1 0 1 1 1 0 0 0 0 1 1 0 0 1 0 0 0 1 1 0 1 1 0 1 0 0 1 1 0 1 1 1 1 0 1 1 1 0 0 1 1 1
17 28 16 15 48 0 30 14 4 25 40 13 10 18 21 12 5 9 11 34 36 42 32 44 26 45 2 7 35 39 49 20 27 38 8 33 37 41 43 1 24 22 6 46 31 29 19 3 47 23
50 5
1 0 0 0 0 1 1 0 0 0 1 1 0 1 0 0 0 0 1 0 1 1 1 0 1 1 1 0 0 0 1 0 0 0 0 1 1 0 1 1 1 0 0 0 1 0 1 0 1 1
19 29 1 25 17 7 23 9 12 40 13 39 21 14 3 31 49 44 41 46 22 32 30 20 24 15 33 42 16 0 48 8 4 10 28 45 35 38 2 18 6 26 37 5 47 27 36 34 43 11
