16
25 5
0 0 1 0 1 0 0 0 1 1 1 0 1 0 1 1 0 0 0 1 0 0 1 1 1
10 4 6 12 22 24 9 17 7 23 11 18 19 15 21 3 14 13 2 0 16 8 5 20 1
25 5
1 1 1 0 1 1 1 1 0 0 0 0 0 1 1 0 0 1 0 0 0 1 0 1 0
2 6 23 14 9 5 16 18 10 17 7 13 20 1 21 19 0 11 15 12 24 22 3 4 8
25 5
0 1 1 1 1 0 0 0 0 1 0 1 0 0 1 0 0 1 1 1 0 1 0 1 0
20 8 23 1 6 13 9 17 22 24 0 5 11 16 2 21 18 7 19 12 14 10 3 4 15
25 5
1 1 0 0 1 0 1 0 1 1 0 0 1 1 1 0 1 1 1 0 1 1 0 1 0
8 10 23 20 18 11 13 21 0 14 22 17 3 5 2 16 24 4 9 15 19 12 1 7 6
25 5
0 1 0 1 0 0 1 1 1 1 0 1 1 1 0 1 1 0 1 0 0 0 1 1 0
5 13 21 7 8 17 18 0 3 19 14 11 20 24 22 4 23 15 2 12 16 9 1 10 6
25 5
0 0 0 1 1 0 1 1 0 1 0 0 1 1 0 1 1 1 1 0 1 1 1 0 0
19 1 12 21 4 13 16 10 20 17 3 9 11 5 22 8 2 15 18 23 14 0 24 6 7
25 5
1 0 1 1 1 1 1 1 1 1 1 0 1 0 0 1 1 0 0 0 0 1 1 0 0
7 6 18 3 5 23 15 17 22 11 20 13 9 19 4 1 10 0 12 21 16 2 8 14 24
25 5
1 1 0 1 1 1 0 0 0 1 0 0 0 0 1 1 0 1 1 1 0 0 0 1 0
1 17 4 8 24 3 14 21 20 7 9 19 18 16 23 5 11 13 22 0 12 6 10 2 15
25 5
0 1 1 1 1 0 1 0 0 0 0 1 1 0 0 0 1 0 1 0 1 0 1 0 0
24 9 17 20 23 10 8 6 7 3 19 12 22 21 1 0 11 18 14 16 2 5 13 4 15
25 5
0 0 0 1 0 0 1 0 1 1 1 1 1 0 1 0 1 1 0 1 1 0 1 1 0
12 20 11 2 23 16 1 21 17 8 22 14 0 6 4 18 10 15 5 24 19 9 7 13 3
25 5
0 0 0 0 1 1 1 0 0 1 0 1 0 0 0 0 0 0 0 1 1 1 0 1 0
12 20 24 14 0 23 7 16 21 11 13 19 2 4 5 15 1 22 10 18 6 8 9 17 3
25 5
1 1 0 0 0 1 1 0 0 0 0 1 1 0 1 0 1 1 0 1 1 1 0 1 0
7 12 0 18 16 5 13 15 22 6 19 3 17 24 8 20 10 1 2 14 9 23 11 4 21
25 5
1 0 1 1 0 0 0 1 1 0 0 1 0 0 0 1 0 1 0 0 0 0 1 1 1
8 9 12 4 21 16 2 18 11 19 3 1 17 13 20 7 14 22 23 10 6 5 0 24 15
25 5
1 0 0 0 0 0 0 0 1 1 0 1 1 1 0 1 0 0 1 1 1 1 0 1 0
6 11 13 0 22 1 14 19 10 4 21 15 18 23 24 8 12 5 17 20 16 2 7 9 3
25 5
1 1 0 1 1 0 0 1 0 1 1 1 1 1 0 0 1 0 0 1 1 0 1 1 1
19 9 0 20 1 7 2 3 15 12 4 10 5 18 21 16 22 6 11 23 14 8 17 13 24
25 5
1 0 1 0 1 1 1 0 1 0 0 1 0 0 0 0 0 1 0 0 0 1 0 0 1
23 6 4 17 9 3 12 24 8 18 10 13 19 15 7 2 5 21 16 14 0 11 1 22 20
